-0.167170,0.020806,0.124851
-0.151435,0.034916,0.140817
-0.154293,0.034667,0.127007
-0.155245,0.034577,0.119612
-0.153524,0.030824,0.130873
-0.150688,0.032080,0.143615
-0.141092,0.040683,0.157219
-0.141490,0.041448,0.157670
-0.129840,0.055412,0.178355
-0.125903,0.056179,0.188193
-0.127090,0.057716,0.183827
-0.127423,0.058683,0.179090
-0.128203,0.059900,0.176219
-0.111051,0.061348,0.200121
-0.167097,0.020916,0.125096
-0.167583,0.020211,0.112463
-0.166330,0.021336,0.100273
-0.165819,0.020701,0.090003
-0.165663,0.020359,0.078937
-0.165417,0.019004,0.069624
-0.164426,0.017302,0.062001
-0.160391,0.018092,0.120956
-0.151809,0.038284,0.147126
-0.154194,0.040148,0.144950
-0.151332,0.043429,0.144168
-0.122104,0.059613,0.180012
-0.117958,0.057299,0.204625
-0.119782,0.058966,0.203656
