-0.167373,0.020958,0.125166
-0.158029,0.031322,0.142651
-0.155809,0.029593,0.167000
-0.156664,0.034161,0.160932
-0.156434,0.037667,0.155438
-0.151251,0.040638,0.168333
-0.141343,0.046782,0.183722
-0.132905,0.054952,0.176107
-0.124478,0.059651,0.177507
-0.121013,0.056423,0.203179
-0.121141,0.056303,0.204998
-0.116447,0.057654,0.211635
-0.100938,0.052680,0.244198
-0.106275,0.057250,0.232541
-0.106563,0.060422,0.228691
-0.106465,0.060930,0.228651
-0.100210,0.049209,0.261386
-0.102074,0.048678,0.260254
-0.102348,0.045250,0.266353
-0.098026,0.046662,0.274935
-0.093686,0.046868,0.285887
-0.089931,0.047657,0.291578
-0.167212,0.020997,0.125302
-0.167069,0.020334,0.111997
-0.165855,0.021419,0.100911
-0.165229,0.021307,0.087090
-0.155881,0.030904,0.117761
-0.145111,0.049229,0.148074
-0.121593,0.059882,0.179086
-0.111896,0.056060,0.220613
-0.112552,0.058026,0.219116
-0.101313,0.053828,0.240155
-0.101569,0.051198,0.246919
-0.100627,0.049939,0.251143
