-0.167293,0.020902,0.124982
-0.152359,0.037419,0.148538
-0.155196,0.038277,0.133519
-0.155579,0.038277,0.124319
-0.156015,0.038080,0.117468
-0.156167,0.037777,0.112632
-0.155900,0.037136,0.104047
-0.148709,0.039213,0.132322
-0.132975,0.058392,0.174109
-0.123022,0.057760,0.196258
-0.124171,0.059783,0.195328
-0.114114,0.067785,0.203675
-0.105478,0.061268,0.227260
-0.105235,0.062395,0.227855
-0.106637,0.061466,0.251395
-0.106851,0.062322,0.250534
-0.100301,0.051105,0.272129
-0.097705,0.051776,0.282649
-0.094896,0.052889,0.285172
-0.167228,0.020832,0.125154
-0.155867,0.024646,0.130771
-0.147239,0.038757,0.136821
-0.149635,0.040155,0.132569
-0.139343,0.053894,0.153470
-0.110157,0.055142,0.224851
-0.101564,0.051072,0.252001
-0.104943,0.054365,0.242945
-0.099030,0.048807,0.258498
-0.167183,0.015945,0.123412
-0.153193,0.028842,0.142056
-0.153533,0.031197,0.135086
-0.154247,0.033273,0.129382
-0.144731,0.048492,0.164952
-0.122630,0.056005,0.203106
-0.125355,0.056086,0.196270
-0.130445,0.056268,0.185754
-0.127350,0.057533,0.179524
-0.127627,0.058561,0.176342
-0.128566,0.060449,0.170668
-0.130083,0.061273,0.168653
-0.133098,0.057780,0.163590
