-0.159925,0.025117,0.122805
-0.147084,0.035202,0.139668
-0.148851,0.036319,0.135227
-0.150000,0.038416,0.129157
-0.151227,0.039844,0.123080
-0.145840,0.043275,0.137271
-0.148904,0.043813,0.134614
-0.148573,0.044565,0.126290
-0.142049,0.045568,0.149077
-0.143088,0.048724,0.148821
-0.135295,0.052645,0.155915
-0.130333,0.067161,0.158246
-0.116456,0.076606,0.164455
-0.116556,0.061348,0.184007
-0.118661,0.065831,0.183143
-0.116562,0.075974,0.179478
-0.114001,0.075286,0.179653
-0.116896,0.057658,0.201122
-0.121962,0.057109,0.199003
-0.123155,0.055970,0.201004
-0.122573,0.055493,0.203722
-0.120545,0.054358,0.212855
-0.120040,0.054401,0.214534
-0.102285,0.054279,0.241672
-0.105806,0.053094,0.237842
-0.104669,0.066908,0.235139
-0.101634,0.050303,0.247969
