-0.167334,0.020712,0.124867
-0.151501,0.034596,0.146434
-0.154299,0.035407,0.132172
-0.155411,0.035836,0.124242
-0.156284,0.035991,0.118978
-0.159160,0.030712,0.126463
-0.158015,0.033261,0.124244
-0.156370,0.035292,0.122411
-0.141656,0.044663,0.128473
-0.139141,0.047882,0.125748
-0.121229,0.057463,0.139087
-0.124323,0.061867,0.137239
-0.121424,0.057770,0.160270
-0.123140,0.058572,0.159395
-0.122800,0.055820,0.193974
-0.125376,0.054719,0.195199
-0.107987,0.054176,0.229805
-0.101267,0.052993,0.242547
-0.101421,0.065430,0.236451
-0.098626,0.044995,0.264212
-0.099060,0.045312,0.265967
-0.099425,0.045113,0.269173
-0.167146,0.021071,0.124484
-0.167522,0.021283,0.111408
-0.153521,0.035895,0.138053
-0.156304,0.036653,0.130895
-0.156483,0.038718,0.125723
-0.155893,0.039506,0.121520
-0.154359,0.042392,0.117904
-0.153800,0.044404,0.116876
-0.151177,0.047663,0.114697
-0.151598,0.049871,0.113095
-0.123248,0.059402,0.141791
-0.129378,0.061814,0.142928
-0.125225,0.056827,0.187952
-0.127810,0.055976,0.187950
-0.126174,0.054350,0.192158
