-0.167216,0.020790,0.125085
-0.154451,0.023421,0.145476
-0.154923,0.025213,0.138766
-0.155137,0.026726,0.131235
-0.156134,0.027995,0.124955
-0.158225,0.028845,0.100847
-0.159077,0.027941,0.092433
-0.158998,0.026713,0.087884
-0.155807,0.032208,0.110939
-0.156810,0.033812,0.112127
-0.159100,0.034699,0.112848
-0.146483,0.037241,0.146166
-0.144473,0.044631,0.165396
-0.144469,0.045592,0.160845
-0.130175,0.050754,0.186139
-0.120525,0.056532,0.205353
-0.103604,0.054416,0.236061
-0.104780,0.055762,0.233699
-0.105171,0.059555,0.252911
-0.102158,0.057458,0.245132
-0.102452,0.059778,0.243097
-0.103255,0.062970,0.238195
-0.102627,0.065453,0.229059
-0.102676,0.065191,0.240033
-0.094733,0.068394,0.249288
