-0.167097,0.020577,0.124728
-0.166405,0.020281,0.111314
-0.165808,0.018721,0.099714
-0.165267,0.016473,0.087172
-0.164440,0.013684,0.076382
-0.157102,0.006150,0.096478
-0.156968,0.004245,0.095314
-0.162646,0.007470,0.097908
-0.159371,0.009629,0.113457
-0.161832,0.009726,0.111988
-0.158351,0.014368,0.122649
-0.156686,0.019939,0.116121
-0.155881,0.020797,0.114549
-0.152261,0.026357,0.135879
-0.150103,0.032345,0.154327
-0.150723,0.036598,0.171985
-0.137761,0.042752,0.194389
-0.137412,0.044916,0.190191
-0.118371,0.054784,0.210022
-0.116125,0.057050,0.212580
-0.115788,0.058033,0.212438
-0.101042,0.052961,0.243359
-0.100739,0.050196,0.250486
-0.101587,0.052703,0.246273
-0.098115,0.046240,0.260280
-0.097415,0.051012,0.284311
-0.093585,0.051708,0.288298
-0.141777,0.043519,0.158475
-0.125392,0.055843,0.196907
-0.127395,0.055335,0.198132
-0.114654,0.055298,0.218520
-0.115577,0.055010,0.217756
-0.109629,0.054763,0.228725
