-0.167228,0.021029,0.125268
-0.140913,0.045394,0.160616
-0.146136,0.047318,0.146059
-0.124925,0.056596,0.196895
-0.126851,0.056813,0.195638
-0.109419,0.054773,0.228858
-0.101921,0.053467,0.240806
-0.105096,0.055996,0.234597
-0.104989,0.059802,0.253444
-0.100231,0.051159,0.272343
-0.099689,0.049957,0.274545
-0.100427,0.047314,0.276130
-0.099095,0.046063,0.281052
-0.097651,0.045617,0.286113
-0.095121,0.045371,0.290912
-0.092337,0.046366,0.294091
-0.167179,0.021031,0.125197
-0.166922,0.018840,0.108717
-0.165792,0.019095,0.095259
-0.165986,0.017812,0.083415
-0.164970,0.016444,0.074007
-0.164303,0.014902,0.065154
-0.167171,0.021353,0.124665
-0.162885,0.063356,0.116982
-0.161128,0.063339,0.109623
-0.159496,0.063074,0.105258
-0.133501,0.068987,0.139129
-0.126742,0.062864,0.191724
-0.103033,0.067413,0.234490
-0.104525,0.066196,0.236214
-0.106423,0.065708,0.236383
