-0.167137,0.020888,0.124902
-0.165460,0.022222,0.110085
-0.165942,0.021858,0.098373
-0.165382,0.021844,0.088568
-0.164991,0.022455,0.077029
-0.164174,0.021739,0.061184
-0.165087,0.020850,0.050032
-0.126506,0.066327,0.130121
-0.137654,0.055676,0.129777
-0.137119,0.061616,0.124670
-0.126008,0.062058,0.162188
-0.128358,0.060980,0.161745
-0.128524,0.059973,0.165503
-0.128506,0.058753,0.166179
-0.129077,0.058136,0.167440
-0.129478,0.056458,0.171332
-0.129739,0.055302,0.176061
-0.130310,0.053849,0.180028
-0.131165,0.054067,0.181125
-0.125523,0.065843,0.181731
-0.105712,0.067992,0.257598
-0.105956,0.066480,0.256605
-0.105057,0.058046,0.252245
-0.105490,0.057555,0.251065
-0.101914,0.049366,0.268147
-0.167178,0.021263,0.125303
-0.167124,0.019418,0.109855
-0.166368,0.018693,0.095454
-0.166493,0.015895,0.084726
-0.158394,0.018631,0.101574
-0.162083,0.020108,0.087828
-0.159104,0.023072,0.084391
-0.140587,0.042840,0.109191
-0.167157,0.020984,0.124539
-0.142876,0.040995,0.186269
-0.144421,0.045801,0.179120
-0.135369,0.061262,0.177907
-0.136768,0.061631,0.171962
-0.138195,0.062604,0.167342
-0.137181,0.063473,0.163311
-0.137968,0.063316,0.159281
-0.136571,0.063806,0.158765
-0.136258,0.062400,0.171460
-0.118358,0.056745,0.206816
-0.102587,0.053379,0.239869
-0.106416,0.065482,0.231861
-0.101069,0.067768,0.238683
-0.100517,0.069402,0.232868
