-0.167416,0.020747,0.125588
-0.151799,0.035254,0.150409
-0.155948,0.036974,0.136385
-0.156641,0.036594,0.128170
-0.157698,0.035022,0.118417
-0.152277,0.031442,0.125176
-0.151646,0.034659,0.123279
-0.147168,0.039849,0.138125
-0.145325,0.038100,0.162744
-0.144903,0.040134,0.159106
-0.128024,0.054580,0.189621
-0.129165,0.055654,0.186135
-0.123037,0.056436,0.197691
-0.123906,0.056140,0.197493
-0.115822,0.056124,0.214667
-0.115717,0.056549,0.214712
-0.100454,0.052266,0.246313
-0.101330,0.051706,0.248703
-0.098198,0.045724,0.262277
-0.099042,0.046279,0.266630
-0.097362,0.046217,0.271037
