-0.167267,0.020925,0.125060
-0.146320,0.040130,0.155591
-0.149150,0.041384,0.147469
-0.150111,0.041997,0.138213
-0.151199,0.041527,0.128999
-0.152072,0.040656,0.119845
-0.161557,0.026557,0.113451
-0.158135,0.029837,0.108309
-0.150934,0.035230,0.106913
-0.142247,0.044299,0.108143
-0.133022,0.055016,0.110896
-0.110675,0.069319,0.127683
-0.167366,0.020935,0.125340
-0.166658,0.020235,0.108838
-0.161942,0.036111,0.115232
-0.163436,0.037307,0.106349
-0.161564,0.038600,0.098108
-0.161908,0.039785,0.092197
-0.162151,0.040994,0.088304
-0.160115,0.044402,0.087628
-0.167191,0.021038,0.125011
-0.166746,0.020807,0.110158
-0.165939,0.021816,0.097712
-0.165773,0.019639,0.085523
-0.159610,0.031444,0.120327
-0.149388,0.039707,0.159163
-0.134589,0.049275,0.191687
-0.135246,0.052398,0.186579
-0.116483,0.051232,0.226141
-0.116760,0.053781,0.222806
-0.102083,0.053703,0.239922
-0.099778,0.048857,0.253019
-0.099770,0.050994,0.267317
-0.099099,0.054253,0.283579
