-0.167305,0.021043,0.125312
-0.152450,0.050033,0.158133
-0.154838,0.051131,0.151726
-0.155238,0.051896,0.146253
-0.156435,0.052283,0.136810
-0.157512,0.050867,0.125314
-0.158883,0.048470,0.115341
-0.157365,0.048299,0.109706
-0.138251,0.056565,0.135004
-0.138841,0.059482,0.135477
-0.123730,0.058353,0.177051
-0.125626,0.059364,0.176918
-0.110394,0.057630,0.218267
-0.111737,0.057309,0.217954
-0.102138,0.053297,0.240622
-0.106656,0.052581,0.238182
-0.101613,0.051213,0.254592
-0.101136,0.051496,0.247610
-0.099388,0.046611,0.259675
-0.100504,0.051338,0.269557
-0.167375,0.020873,0.125387
-0.167040,0.022184,0.111217
-0.166102,0.023522,0.097892
-0.165839,0.023601,0.087646
-0.165173,0.023453,0.077387
-0.165359,0.023375,0.068807
-0.165070,0.022327,0.060541
-0.164530,0.021768,0.054795
