-0.167317,0.020793,0.125175
-0.166757,0.019934,0.110906
-0.165622,0.019665,0.098723
-0.156002,0.005049,0.102224
-0.158164,0.008053,0.098021
-0.159583,0.008429,0.096370
-0.145422,0.038862,0.136851
-0.147933,0.040294,0.129456
-0.155092,0.024473,0.126900
-0.160435,0.024606,0.120724
-0.155373,0.027482,0.143731
-0.155755,0.030220,0.143571
-0.138243,0.044921,0.168250
-0.130498,0.055188,0.176965
-0.131582,0.055209,0.171193
-0.132491,0.055333,0.165616
-0.130051,0.056188,0.167105
-0.126876,0.057078,0.185077
-0.126993,0.058346,0.180444
-0.127750,0.059488,0.176274
-0.129610,0.058743,0.169489
-0.118853,0.059204,0.171548
-0.167238,0.020913,0.125112
-0.153100,0.030946,0.142265
-0.147872,0.045018,0.164018
-0.150807,0.045252,0.152098
-0.167148,0.021023,0.125043
-0.159243,0.023308,0.137537
-0.146580,0.035920,0.176666
-0.145672,0.042968,0.168862
-0.145398,0.044503,0.164832
-0.144044,0.047831,0.155608
-0.127535,0.056017,0.192517
-0.121814,0.058539,0.197168
-0.121871,0.060435,0.193330
