-0.167233,0.020930,0.125101
-0.166317,0.022068,0.111345
-0.165901,0.023460,0.100770
-0.165101,0.024249,0.091489
-0.164857,0.024855,0.082795
-0.163922,0.024510,0.068358
-0.163993,0.022483,0.061613
-0.164609,0.021266,0.057313
-0.124407,0.061326,0.142472
-0.131448,0.061760,0.140384
-0.134494,0.060712,0.143356
-0.134903,0.059291,0.144041
-0.135793,0.057670,0.145178
-0.135249,0.056286,0.149341
-0.135892,0.054628,0.151897
-0.135732,0.054416,0.154763
-0.113473,0.057291,0.214135
-0.104899,0.059352,0.252642
-0.167138,0.021185,0.124926
-0.169651,0.019717,0.112923
-0.165942,0.021217,0.096100
-0.167097,0.018752,0.083415
-0.165280,0.019544,0.069507
-0.163847,0.015230,0.048000
-0.163398,0.014271,0.038205
-0.160726,0.025126,0.110448
-0.155409,0.037770,0.145781
-0.130640,0.065530,0.182472
-0.130384,0.065914,0.182099
-0.121593,0.070335,0.191757
-0.116960,0.072054,0.199007
-0.104820,0.058711,0.248322
-0.101436,0.051686,0.273714
-0.098290,0.053164,0.282159
