-0.167305,0.020756,0.125079
-0.159402,0.028647,0.155554
-0.152373,0.033277,0.166495
-0.146246,0.039426,0.186597
-0.131042,0.048037,0.207721
-0.113918,0.057699,0.215019
-0.108653,0.054423,0.229609
-0.108361,0.056114,0.229715
-0.098543,0.045911,0.260660
-0.098789,0.044474,0.266341
-0.098621,0.045884,0.269664
-0.101636,0.047381,0.277908
-0.100188,0.046357,0.285587
-0.167135,0.021142,0.124739
-0.166650,0.020877,0.109574
-0.166789,0.020755,0.100257
-0.166476,0.021694,0.090338
-0.165681,0.021348,0.080241
-0.164357,0.017312,0.064254
