-0.167277,0.021014,0.125137
-0.149261,0.041435,0.151467
-0.151500,0.043338,0.143355
-0.153099,0.044373,0.135708
-0.154478,0.044803,0.127582
-0.155873,0.044315,0.121525
-0.155882,0.043342,0.116856
-0.155777,0.043175,0.101794
-0.122591,0.057466,0.143660
-0.123096,0.057499,0.151874
-0.122812,0.058210,0.148118
-0.120045,0.058270,0.162802
-0.121614,0.061147,0.159704
-0.121501,0.057142,0.172859
-0.117398,0.057599,0.191739
-0.119127,0.059598,0.190204
-0.114581,0.056875,0.207941
-0.114691,0.058270,0.208414
-0.166814,0.021071,0.124087
-0.166532,0.020697,0.108095
-0.166667,0.019684,0.097558
-0.165336,0.021004,0.085227
-0.165547,0.018888,0.074686
-0.165034,0.017152,0.062654
-0.164350,0.015539,0.055224
-0.124779,0.053027,0.118207
-0.122655,0.057217,0.138390
-0.121646,0.058013,0.169766
-0.123139,0.059250,0.167853
-0.121888,0.060621,0.168494
