-0.167281,0.020705,0.124925
-0.157378,0.027693,0.145941
-0.160345,0.030365,0.134076
-0.160612,0.031286,0.126783
-0.160879,0.031315,0.121137
-0.161275,0.028916,0.110105
-0.161898,0.027092,0.101656
-0.161427,0.027350,0.098610
-0.141914,0.045368,0.145156
-0.143671,0.047198,0.141538
-0.141443,0.048419,0.139346
-0.111157,0.061380,0.144155
-0.114777,0.060173,0.173305
-0.114464,0.063449,0.172771
-0.114102,0.057268,0.207387
-0.102071,0.053282,0.240435
-0.106641,0.052507,0.237501
-0.100664,0.050432,0.249408
-0.098777,0.046345,0.259450
-0.101309,0.050167,0.255482
-0.098260,0.045025,0.269390
-0.097521,0.045534,0.275957
