-0.167440,0.020899,0.125562
-0.152413,0.031834,0.141559
-0.154453,0.031871,0.134255
-0.157142,0.030688,0.113665
-0.158053,0.029255,0.104384
-0.159566,0.025001,0.092500
-0.153868,0.023287,0.119945
-0.143822,0.035038,0.118505
-0.146092,0.037091,0.126666
-0.147414,0.038634,0.123324
-0.145395,0.037593,0.116621
-0.145070,0.038174,0.116166
-0.123879,0.055328,0.118981
-0.116232,0.071021,0.120581
-0.118323,0.055387,0.139387
-0.121640,0.054420,0.137312
-0.118714,0.056596,0.149440
-0.118166,0.057226,0.159075
-0.119219,0.062735,0.152882
