-0.162468,0.009794,0.087683
-0.157253,0.011063,0.101394
-0.164026,0.010129,0.099403
-0.151379,0.012066,0.107728
-0.156404,0.022457,0.117191
-0.159223,0.023957,0.116985
-0.159536,0.024871,0.116296
-0.157789,0.027311,0.126791
-0.156495,0.029499,0.124919
-0.139339,0.037913,0.138507
-0.137270,0.046194,0.139690
-0.126369,0.062400,0.132344
-0.120030,0.058000,0.147097
-0.121884,0.058354,0.161554
-0.122201,0.060139,0.161730
-0.117832,0.054985,0.208433
-0.119674,0.054377,0.208825
-0.102201,0.050339,0.247553
-0.104824,0.053586,0.238703
-0.106834,0.053196,0.236890
