-0.152025,0.036032,0.152435
-0.149846,0.045500,0.165843
-0.152142,0.051405,0.159119
-0.147514,0.055538,0.157595
-0.129264,0.072096,0.170501
-0.122003,0.075874,0.171755
-0.126255,0.066277,0.186289
-0.125833,0.068051,0.185744
-0.098984,0.068028,0.256053
-0.105128,0.060774,0.261168
-0.105469,0.063281,0.262118
-0.103661,0.053664,0.260672
-0.104224,0.053494,0.259912
-0.104354,0.053275,0.258605
-0.102712,0.049262,0.263650
-0.167221,0.020814,0.125041
-0.167021,0.019310,0.109438
-0.166001,0.019865,0.098074
-0.165460,0.019882,0.087767
-0.155335,0.032589,0.118493
-0.159188,0.033690,0.111414
-0.159316,0.034666,0.107706
-0.148108,0.043749,0.140032
-0.151663,0.044942,0.136163
-0.148384,0.047282,0.135205
-0.138075,0.054276,0.133665
-0.125881,0.064332,0.133989
