-0.167324,0.020998,0.125239
-0.149257,0.030257,0.136516
-0.150818,0.030715,0.128696
-0.152355,0.030379,0.120229
-0.149293,0.037068,0.134163
-0.151953,0.037461,0.129919
-0.152702,0.037845,0.124199
-0.153187,0.037174,0.119189
-0.153750,0.036697,0.115957
-0.148255,0.036090,0.135507
-0.146859,0.040459,0.149139
-0.142450,0.043325,0.161689
-0.137212,0.047518,0.173622
-0.124839,0.057052,0.190736
-0.125965,0.058285,0.187451
-0.124064,0.061049,0.183930
-0.123651,0.058118,0.194393
-0.116126,0.060931,0.212908
-0.113378,0.056648,0.216830
-0.109980,0.056182,0.222742
-0.103960,0.056684,0.242066
-0.104243,0.056552,0.240062
-0.104411,0.056622,0.240275
-0.100018,0.050976,0.249791
-0.162932,0.024788,0.122992
-0.161546,0.026309,0.113397
-0.152693,0.041948,0.140141
-0.155092,0.043924,0.136802
-0.132504,0.055690,0.174415
-0.134763,0.056337,0.172217
-0.114089,0.055682,0.216174
-0.101757,0.054103,0.239911
-0.100814,0.052247,0.245175
-0.104913,0.056957,0.234318
