-0.167282,0.020892,0.125207
-0.155944,0.029433,0.134267
-0.154712,0.030351,0.134719
-0.156300,0.031121,0.127223
-0.155355,0.031958,0.119920
-0.150914,0.031125,0.128361
-0.155584,0.020964,0.135063
-0.154401,0.024880,0.150640
-0.154735,0.025626,0.149048
-0.153731,0.028141,0.152149
-0.154544,0.031237,0.154586
-0.146429,0.036136,0.168306
-0.141959,0.041310,0.161808
-0.133311,0.052637,0.164039
-0.130685,0.055599,0.168129
-0.129825,0.056517,0.168817
-0.129323,0.056956,0.168879
-0.125432,0.056220,0.193672
-0.119795,0.056340,0.206163
-0.117619,0.056309,0.211687
-0.117574,0.057747,0.212148
-0.116874,0.056730,0.214824
-0.102736,0.054985,0.238265
-0.103409,0.056853,0.234700
