-0.167299,0.021009,0.125024
-0.149347,0.037960,0.162101
-0.152546,0.043464,0.146914
-0.152986,0.046182,0.135755
-0.154078,0.045972,0.127435
-0.150035,0.041049,0.151871
-0.133480,0.048361,0.191369
-0.131567,0.051249,0.187903
-0.123472,0.055548,0.198395
-0.122021,0.056187,0.201072
-0.119759,0.057247,0.206140
-0.100724,0.050139,0.249802
-0.102538,0.052429,0.244981
-0.098585,0.044963,0.264482
-0.099983,0.045713,0.265704
-0.167162,0.021245,0.124720
-0.167072,0.020334,0.110733
-0.166162,0.020485,0.098389
-0.158430,0.029661,0.121729
-0.159623,0.031230,0.116048
-0.158597,0.033458,0.109635
-0.139382,0.038696,0.124177
-0.144553,0.043087,0.121605
-0.142972,0.048011,0.120521
-0.122585,0.059135,0.152135
-0.127362,0.060291,0.149931
-0.167077,0.020996,0.125220
-0.151258,0.030443,0.160110
-0.152752,0.032685,0.153869
-0.130310,0.046096,0.198391
-0.118469,0.051933,0.220378
-0.120080,0.053034,0.214832
-0.120834,0.054193,0.211207
-0.123880,0.056834,0.203069
