-0.167319,0.020895,0.125113
-0.165217,0.020844,0.137470
-0.165516,0.024208,0.133216
-0.163760,0.027550,0.129294
-0.162120,0.031091,0.124744
-0.161402,0.033860,0.114796
-0.161759,0.034241,0.110830
-0.158314,0.036961,0.104913
-0.135509,0.040835,0.116794
-0.142898,0.042248,0.115328
-0.131002,0.060966,0.125139
-0.123422,0.057115,0.148548
-0.121232,0.058068,0.160681
-0.122302,0.055957,0.196235
-0.124513,0.054613,0.196068
-0.109173,0.053956,0.227286
-0.101583,0.051249,0.246826
-0.103458,0.054476,0.239927
-0.107530,0.054428,0.235159
-0.107326,0.054675,0.234668
-0.101131,0.051650,0.247583
-0.098506,0.045212,0.263712
-0.099251,0.045543,0.265120
-0.098282,0.045686,0.270253
-0.098241,0.045133,0.274984
-0.098535,0.044351,0.281131
