-0.158257,0.039610,0.146598
-0.148786,0.041511,0.168764
-0.150524,0.042470,0.165421
-0.142178,0.042913,0.186026
-0.143684,0.048046,0.183176
-0.143751,0.049188,0.181278
-0.121514,0.056186,0.205053
-0.119414,0.056880,0.209463
-0.102164,0.055104,0.237714
-0.103599,0.054404,0.247947
-0.104405,0.056155,0.244001
-0.099182,0.047329,0.257929
-0.100591,0.049244,0.256264
-0.101752,0.050562,0.256257
-0.167222,0.021242,0.125484
-0.167092,0.020661,0.111203
-0.166844,0.022169,0.100665
-0.165774,0.023194,0.089701
-0.165782,0.021925,0.080189
-0.164183,0.018267,0.061780
-0.164360,0.014984,0.053557
