-0.167206,0.020731,0.125252
-0.151807,0.034460,0.150933
-0.134797,0.047771,0.177820
-0.136199,0.048448,0.174986
-0.136032,0.049430,0.174599
-0.125098,0.055819,0.196640
-0.110400,0.055672,0.222463
-0.111197,0.056441,0.221225
-0.101305,0.051834,0.244973
-0.101066,0.051533,0.248007
-0.101389,0.050872,0.256751
-0.101684,0.050790,0.256264
-0.104342,0.055482,0.249689
-0.101943,0.052000,0.260645
-0.102611,0.051869,0.260309
-0.102936,0.053558,0.260386
-0.102869,0.054519,0.260727
-0.100272,0.048787,0.268202
-0.100455,0.048954,0.270370
-0.100861,0.047689,0.272311
-0.099465,0.047552,0.269921
