-0.167188,0.020771,0.125203
-0.161331,0.029336,0.141154
-0.162405,0.030633,0.134965
-0.160722,0.033802,0.130224
-0.159584,0.036297,0.118023
-0.135000,0.045783,0.132137
-0.138451,0.057537,0.130601
-0.122510,0.060191,0.141875
-0.123457,0.058039,0.157161
-0.122561,0.056876,0.189545
-0.111906,0.054452,0.222058
-0.113988,0.054248,0.220517
-0.099230,0.047895,0.255569
-0.101314,0.049896,0.252015
-0.103486,0.052897,0.244806
-0.101433,0.051754,0.260418
-0.102077,0.053316,0.254886
-0.098419,0.045284,0.262717
-0.100907,0.048845,0.271492
-0.100299,0.048361,0.272858
-0.098751,0.045970,0.271466
-0.097314,0.045242,0.276462
-0.095251,0.045344,0.284540
-0.093255,0.045215,0.289776
-0.091813,0.045339,0.293104
-0.087907,0.046801,0.298426
