-0.167277,0.020990,0.125508
-0.151109,0.040542,0.133188
-0.154740,0.039539,0.124684
-0.155641,0.039030,0.116599
-0.149513,0.036412,0.134585
-0.150707,0.037732,0.143214
-0.145258,0.039124,0.157532
-0.139188,0.048972,0.174074
-0.139369,0.050989,0.170763
-0.131689,0.055046,0.166013
-0.129800,0.057149,0.166740
-0.127337,0.057106,0.183214
-0.120906,0.058497,0.197294
-0.111835,0.064142,0.218123
-0.153815,0.026778,0.147499
-0.154855,0.028360,0.142467
-0.155083,0.034712,0.132896
-0.154568,0.039280,0.126778
-0.145996,0.054318,0.160078
-0.145993,0.056986,0.157935
