-0.160590,0.026597,0.121732
-0.160900,0.029270,0.137009
-0.162271,0.035424,0.128953
-0.149898,0.041869,0.152803
-0.144519,0.052179,0.146887
-0.141643,0.054446,0.143269
-0.126170,0.058705,0.171923
-0.121309,0.056008,0.203521
-0.116350,0.056738,0.213742
-0.116707,0.057252,0.214009
-0.104621,0.058070,0.242868
-0.108858,0.060488,0.238900
-0.108875,0.062449,0.238492
-0.102390,0.060598,0.255115
-0.102633,0.062333,0.253077
-0.103235,0.053725,0.264429
-0.104834,0.054655,0.260408
-0.102079,0.050305,0.271054
