-0.166875,0.021125,0.124709
-0.166606,0.021874,0.112801
-0.165579,0.023465,0.101753
-0.165094,0.023131,0.089547
-0.164736,0.022798,0.078151
-0.163952,0.019293,0.063057
-0.164554,0.016488,0.056180
-0.128966,0.046217,0.112940
-0.136912,0.047796,0.108858
-0.122425,0.057844,0.143852
-0.127222,0.057263,0.139052
-0.125266,0.058544,0.150998
-0.125802,0.058396,0.151077
-0.126903,0.058853,0.160627
-0.128730,0.067924,0.156306
-0.103214,0.054418,0.268356
-0.105580,0.054979,0.259172
-0.106664,0.055746,0.254676
-0.167209,0.020537,0.124553
-0.166725,0.019320,0.107289
-0.166535,0.017836,0.093190
-0.166192,0.015620,0.082881
-0.163955,0.016159,0.104973
-0.161750,0.024338,0.138320
-0.161680,0.024934,0.135851
-0.161674,0.025628,0.133992
-0.160973,0.025021,0.129221
-0.155917,0.026113,0.151019
-0.167260,0.020833,0.125308
-0.152299,0.027225,0.153972
-0.152908,0.032057,0.142389
-0.155080,0.034109,0.132155
-0.156818,0.035593,0.120751
-0.156524,0.036043,0.116801
-0.156978,0.036761,0.106971
-0.151000,0.042073,0.134684
-0.155853,0.041861,0.135909
-0.137123,0.051616,0.178877
-0.138433,0.054114,0.176323
-0.135715,0.055930,0.174119
-0.121492,0.060417,0.173632
-0.123295,0.065016,0.174998
-0.119000,0.068604,0.175480
-0.114802,0.071946,0.177982
