-0.167311,0.021116,0.125096
-0.166377,0.020824,0.109618
-0.165822,0.018786,0.096735
-0.157090,0.011685,0.105531
-0.157468,0.015164,0.116364
-0.161769,0.019296,0.125453
-0.164049,0.008616,0.125878
-0.165230,0.008465,0.119784
-0.161901,0.016523,0.136843
-0.157335,0.024359,0.150830
-0.153171,0.033344,0.169940
-0.148558,0.036880,0.185998
-0.149170,0.038487,0.184042
-0.148250,0.039548,0.181392
-0.127632,0.053857,0.195895
-0.112820,0.056063,0.215456
-0.115106,0.056657,0.214106
-0.114395,0.059732,0.213469
-0.099920,0.058311,0.235005
-0.100785,0.050334,0.250499
-0.101871,0.054383,0.242734
-0.097973,0.046303,0.260560
-0.098620,0.046251,0.264686
-0.097098,0.045717,0.269150
-0.097411,0.045709,0.274200
-0.096087,0.045924,0.277343
-0.095418,0.045085,0.281249
-0.095436,0.045156,0.285914
-0.098736,0.049189,0.282387
-0.094277,0.049104,0.288847
-0.091754,0.048677,0.294767
-0.087496,0.048807,0.297869
