-0.167307,0.020828,0.125177
-0.152361,0.041397,0.152193
-0.154910,0.041575,0.144585
-0.156379,0.041863,0.137500
-0.151370,0.047850,0.156211
-0.152618,0.049178,0.153115
-0.153042,0.052631,0.145176
-0.132850,0.056374,0.167512
-0.131467,0.064242,0.168492
-0.121723,0.071858,0.166554
-0.123978,0.064046,0.184228
-0.119718,0.060031,0.208865
-0.120621,0.058274,0.208122
-0.119717,0.057599,0.210490
-0.118530,0.056834,0.213564
-0.102304,0.053435,0.240332
-0.106590,0.052199,0.238245
-0.101163,0.050406,0.256963
-0.099113,0.045709,0.260640
-0.100251,0.049790,0.256951
-0.102414,0.053478,0.258843
-0.103517,0.056825,0.258120
-0.104485,0.055860,0.258367
-0.101148,0.051483,0.264567
-0.100317,0.051435,0.270615
-0.100183,0.050829,0.272359
-0.160494,0.025242,0.118181
-0.162235,0.026101,0.107838
-0.161840,0.026591,0.096605
-0.148841,0.041278,0.131076
-0.152038,0.042351,0.123793
-0.151078,0.043750,0.116709
