-0.167194,0.021034,0.125058
-0.166527,0.020512,0.110533
-0.166208,0.019315,0.098488
-0.165542,0.017134,0.086833
-0.164818,0.015612,0.076192
-0.158743,0.006250,0.102963
-0.160173,0.009104,0.116552
-0.165490,0.010722,0.148988
-0.163693,0.019711,0.156316
-0.161026,0.023295,0.158792
-0.117956,0.047670,0.233501
-0.115332,0.050988,0.229898
-0.114346,0.054659,0.220494
-0.108678,0.054935,0.231198
-0.108878,0.054084,0.233523
-0.162320,0.019982,0.104975
-0.164412,0.018304,0.099609
-0.167236,0.020741,0.125146
-0.167200,0.019357,0.110802
-0.165956,0.019975,0.098715
-0.165721,0.019152,0.087053
-0.165058,0.016553,0.075755
-0.164617,0.014523,0.066126
-0.164322,0.013040,0.059406
