-0.167157,0.020831,0.124960
-0.149356,0.044671,0.146864
-0.152338,0.046133,0.138631
-0.153594,0.047154,0.132069
-0.149884,0.048885,0.142804
-0.151877,0.050518,0.138122
-0.124181,0.062306,0.154631
-0.121298,0.068015,0.154092
-0.122201,0.057648,0.177624
-0.122553,0.056113,0.196145
-0.124032,0.054712,0.196081
-0.123836,0.055146,0.197711
-0.123133,0.055486,0.203025
-0.119643,0.055114,0.214889
-0.118036,0.055378,0.218493
-0.115998,0.054381,0.224392
-0.102196,0.053667,0.245168
-0.106357,0.052735,0.237732
-0.101526,0.052785,0.260007
-0.101925,0.055648,0.258536
-0.103495,0.056235,0.258751
-0.099838,0.051220,0.268946
-0.099701,0.051713,0.270602
