-0.167178,0.021980,0.125000
-0.152233,0.023753,0.111124
-0.159793,0.023358,0.106153
-0.149258,0.027074,0.120716
-0.154597,0.025737,0.116367
-0.152413,0.037238,0.113661
-0.131938,0.044829,0.123609
-0.121649,0.056861,0.134279
-0.125738,0.058306,0.132377
-0.124109,0.061488,0.129442
-0.121224,0.060671,0.132473
-0.123009,0.057497,0.150751
-0.123922,0.057297,0.145343
-0.119033,0.059385,0.167032
-0.117752,0.057657,0.190635
-0.118657,0.058831,0.190251
-0.116656,0.057766,0.194989
-0.111659,0.054525,0.223232
-0.101671,0.053588,0.240843
-0.102538,0.052678,0.254325
-0.099158,0.048447,0.255049
-0.098349,0.045344,0.264520
-0.097458,0.046018,0.268547
