-0.167398,0.021083,0.125302
-0.155783,0.028492,0.151215
-0.158167,0.031205,0.145769
-0.158494,0.036470,0.133471
-0.158137,0.038593,0.127488
-0.158118,0.040265,0.121571
-0.158362,0.040141,0.116559
-0.157893,0.041748,0.104693
-0.156741,0.044275,0.102299
-0.126974,0.063575,0.131264
-0.126212,0.056984,0.182082
-0.130760,0.056256,0.180293
-0.131081,0.054713,0.182038
-0.129836,0.053045,0.184033
-0.129958,0.052394,0.188266
-0.129152,0.052002,0.192837
-0.104559,0.053774,0.236156
-0.106090,0.054173,0.234970
-0.099353,0.047319,0.257026
-0.100337,0.048480,0.255959
-0.099934,0.045492,0.269401
-0.099650,0.045126,0.275388
-0.098132,0.044413,0.281184
-0.097437,0.044006,0.289341
-0.095227,0.045287,0.294636
-0.093534,0.045705,0.296699
-0.093698,0.045866,0.296935
