-0.167403,0.020558,0.125513
-0.150827,0.037132,0.149929
-0.154024,0.040382,0.136990
-0.154526,0.041809,0.129815
-0.155630,0.041677,0.119836
-0.146049,0.045698,0.144978
-0.147000,0.047476,0.144280
-0.126551,0.060703,0.187161
-0.119894,0.056878,0.205760
-0.117464,0.059310,0.209904
-0.116951,0.061516,0.210893
-0.104869,0.060548,0.249111
-0.167176,0.020813,0.124737
-0.167794,0.017740,0.111535
-0.166648,0.018270,0.099980
-0.166641,0.017174,0.089796
-0.164521,0.016387,0.069270
-0.163664,0.014304,0.056521
-0.167002,0.021075,0.124266
-0.159928,0.038619,0.146670
-0.159070,0.039982,0.141568
-0.159390,0.042774,0.136441
-0.158731,0.043411,0.132413
-0.158718,0.043768,0.128760
-0.139765,0.051712,0.170726
-0.142612,0.053230,0.168083
-0.137929,0.063444,0.158003
-0.128475,0.068485,0.172641
