-0.167078,0.020624,0.124112
-0.150895,0.029805,0.135643
-0.151735,0.031122,0.128490
-0.158814,0.035436,0.145466
-0.149158,0.040788,0.175573
-0.151115,0.041203,0.175225
-0.131213,0.044782,0.214856
-0.103642,0.052271,0.242886
-0.104456,0.056648,0.234468
-0.101118,0.049707,0.268291
-0.101435,0.048638,0.268096
-0.101560,0.048361,0.268776
-0.101094,0.045828,0.276672
-0.100428,0.044471,0.285202
-0.098532,0.044387,0.290229
-0.096996,0.044636,0.293227
-0.095153,0.044971,0.295972
-0.093204,0.046542,0.298347
