-0.167267,0.019514,0.126445
-0.159201,0.027409,0.146860
-0.157303,0.029076,0.156064
-0.150022,0.034035,0.162912
-0.150951,0.034853,0.156096
-0.150879,0.038861,0.174074
-0.146572,0.038971,0.188576
-0.138447,0.045655,0.197162
-0.138386,0.047845,0.195945
-0.122485,0.054665,0.205760
-0.102821,0.055531,0.236293
-0.103487,0.058293,0.232372
-0.100541,0.052391,0.247231
-0.099860,0.051836,0.247403
-0.098459,0.047911,0.257334
-0.100569,0.046207,0.264448
-0.100754,0.046390,0.268581
-0.102698,0.044627,0.276930
-0.102128,0.044094,0.281192
-0.100851,0.044881,0.285054
-0.095960,0.052429,0.283215
