-0.160175,0.025182,0.116120
-0.149839,0.053157,0.147106
-0.148855,0.056615,0.145769
-0.148688,0.058062,0.141806
-0.146294,0.060548,0.141451
-0.146146,0.062483,0.141013
-0.128545,0.070423,0.182431
-0.126589,0.071397,0.183265
-0.124782,0.070625,0.186486
-0.119555,0.080220,0.191442
-0.108649,0.062594,0.222252
-0.105213,0.059494,0.253008
-0.105602,0.054414,0.269156
-0.105561,0.054488,0.267677
-0.106311,0.058689,0.265583
-0.105768,0.051579,0.278096
-0.167201,0.021038,0.125145
-0.166899,0.019285,0.109952
-0.166211,0.017506,0.095542
-0.166338,0.015230,0.085498
-0.164980,0.014162,0.075073
-0.164160,0.010690,0.062693
-0.167243,0.021039,0.125361
-0.167680,0.021257,0.112119
-0.153424,0.037406,0.142145
-0.155542,0.040336,0.134716
-0.134608,0.054984,0.169622
-0.137720,0.055479,0.165389
-0.123846,0.056331,0.197402
-0.125531,0.057062,0.195443
-0.124315,0.056953,0.196087
-0.124084,0.056935,0.193066
-0.130628,0.056337,0.177728
-0.132162,0.058739,0.171893
-0.131808,0.061279,0.168022
-0.129916,0.057739,0.165484
-0.111159,0.063733,0.145581
