-0.167353,0.021299,0.124971
-0.151068,0.030055,0.142555
-0.153142,0.030066,0.134514
-0.153633,0.030054,0.125704
-0.161514,0.028382,0.126830
-0.163342,0.030683,0.122898
-0.161220,0.033028,0.120160
-0.156971,0.037707,0.120349
-0.131862,0.051006,0.138112
-0.123530,0.058835,0.149657
-0.121538,0.058450,0.162251
-0.123622,0.059438,0.161032
-0.122742,0.056765,0.191862
-0.125152,0.055500,0.191650
-0.115418,0.054804,0.213648
-0.116867,0.055103,0.214465
-0.101277,0.052516,0.244033
-0.100300,0.050787,0.249260
-0.100931,0.051850,0.247990
-0.098087,0.045545,0.262258
-0.098388,0.044067,0.268106
-0.098177,0.045200,0.270367
-0.098783,0.044945,0.275502
-0.097163,0.045094,0.278500
-0.098877,0.045112,0.273826
-0.096903,0.043641,0.283789
-0.094807,0.042823,0.289347
-0.093496,0.042053,0.292595
-0.089675,0.050775,0.302800
-0.167123,0.020845,0.125202
-0.152613,0.033759,0.142642
-0.154205,0.039649,0.126505
-0.154192,0.040683,0.121089
-0.153575,0.043105,0.114713
-0.138296,0.054950,0.148333
-0.126099,0.057077,0.185916
-0.127531,0.057015,0.185613
-0.124696,0.057347,0.189470
-0.124644,0.057380,0.189765
