-0.167112,0.021083,0.124973
-0.152477,0.040103,0.150119
-0.155410,0.039873,0.142083
-0.156981,0.040480,0.136274
-0.157483,0.040436,0.129880
-0.158117,0.039903,0.123077
-0.158679,0.038887,0.117243
-0.152644,0.037815,0.143257
-0.152940,0.039617,0.137790
-0.154474,0.034830,0.156820
-0.141224,0.046897,0.177258
-0.138044,0.051579,0.171622
-0.122788,0.057456,0.195088
-0.110935,0.056699,0.217808
-0.113119,0.058117,0.214841
-0.114214,0.059375,0.213657
-0.110800,0.055829,0.220982
-0.101711,0.055356,0.238193
-0.102074,0.057968,0.235700
-0.102615,0.058981,0.234950
-0.098598,0.046373,0.259522
-0.099352,0.049366,0.254674
-0.099349,0.051585,0.248560
-0.162006,0.021769,0.103601
-0.161950,0.020858,0.093799
-0.162027,0.019872,0.086062
-0.161762,0.019351,0.079919
-0.158773,0.028449,0.103798
