-0.167411,0.020960,0.125368
-0.147795,0.036499,0.136899
-0.151650,0.035678,0.121478
-0.153957,0.033513,0.108176
-0.155517,0.030112,0.097674
-0.156180,0.030250,0.093953
-0.151447,0.023396,0.100258
-0.154722,0.022537,0.098761
-0.150509,0.016753,0.101011
-0.152895,0.014418,0.108437
-0.153988,0.016716,0.114505
-0.160216,0.015721,0.117952
-0.162148,0.017153,0.116436
-0.158969,0.018984,0.107221
-0.141110,0.033695,0.110300
-0.125116,0.051959,0.113843
-0.115349,0.060116,0.131881
-0.107526,0.070256,0.138689
-0.116336,0.059107,0.144732
-0.114633,0.065528,0.141261
-0.167241,0.021003,0.125072
-0.168643,0.020462,0.112551
-0.152953,0.035916,0.142265
-0.156434,0.035842,0.135117
-0.157310,0.038637,0.124287
-0.157680,0.039227,0.117933
-0.155957,0.042801,0.110307
-0.154391,0.047155,0.100842
