-0.167155,0.020811,0.124885
-0.167085,0.021137,0.113733
-0.156766,0.022790,0.129070
-0.157714,0.023821,0.115544
-0.154459,0.026266,0.125146
-0.156038,0.029693,0.120520
-0.153363,0.032213,0.133552
-0.154611,0.033436,0.132129
-0.152612,0.035206,0.131568
-0.143106,0.041178,0.153121
-0.140895,0.044697,0.166567
-0.135796,0.048114,0.177736
-0.136093,0.050362,0.175358
-0.125811,0.057231,0.188902
-0.127338,0.059255,0.187085
-0.121182,0.064331,0.189650
-0.116365,0.067940,0.189439
-0.109396,0.075670,0.187660
-0.111003,0.057918,0.215789
-0.102507,0.053283,0.240127
-0.104372,0.057103,0.244737
-0.106809,0.060879,0.241820
-0.106855,0.061470,0.241212
-0.106324,0.066933,0.239091
-0.102063,0.061000,0.262450
-0.167311,0.020859,0.125619
-0.168401,0.018876,0.112842
-0.166501,0.020142,0.100863
-0.166952,0.019112,0.091831
-0.165970,0.019850,0.084117
-0.165342,0.019097,0.076936
-0.164913,0.018356,0.068330
-0.157074,0.031431,0.099357
-0.127420,0.055854,0.175804
-0.129004,0.057896,0.174486
