-0.167185,0.021047,0.125469
-0.151029,0.037652,0.151654
-0.153091,0.039438,0.144535
-0.152988,0.041215,0.136291
-0.153105,0.041894,0.127489
-0.154555,0.041348,0.120747
-0.146903,0.038908,0.125896
-0.148670,0.039668,0.123662
-0.148966,0.042051,0.121186
-0.142020,0.041783,0.135074
-0.137430,0.052698,0.147131
-0.138399,0.054936,0.144025
-0.119423,0.063743,0.145661
-0.115414,0.061371,0.162107
-0.112976,0.067603,0.161126
-0.115099,0.060219,0.171465
-0.115418,0.058339,0.195671
-0.115617,0.061089,0.193708
-0.114962,0.057371,0.203839
-0.107605,0.053815,0.230935
-0.110613,0.052592,0.230839
-0.100351,0.050366,0.249444
-0.102688,0.053865,0.240937
-0.099493,0.047616,0.257210
-0.099667,0.045177,0.264085
-0.101542,0.042359,0.269650
-0.100517,0.043561,0.273912
-0.099969,0.043277,0.276914
-0.156025,0.029931,0.150460
-0.145957,0.040882,0.182604
-0.145749,0.046265,0.179005
-0.120915,0.053415,0.213205
-0.115776,0.055958,0.215058
