-0.167215,0.021026,0.124775
-0.166204,0.020418,0.109178
-0.165625,0.018556,0.095908
-0.156611,0.017980,0.100176
-0.158413,0.019183,0.108332
-0.159327,0.020502,0.105002
-0.158528,0.021634,0.098784
-0.136128,0.032447,0.106069
-0.124166,0.048106,0.114016
-0.118772,0.056434,0.127527
-0.117028,0.057346,0.141236
-0.116425,0.058977,0.138952
-0.116062,0.061071,0.138408
-0.116872,0.057880,0.136532
-0.113174,0.058415,0.144537
-0.113583,0.061067,0.143194
-0.116480,0.058006,0.156426
-0.110685,0.067342,0.155227
-0.105669,0.061321,0.261136
