-0.167266,0.020879,0.125220
-0.149255,0.037422,0.155095
-0.139676,0.049258,0.178536
-0.141525,0.052628,0.172589
-0.140462,0.054193,0.170702
-0.121244,0.061225,0.209287
-0.109970,0.055535,0.223660
-0.111195,0.055939,0.222319
-0.111694,0.058786,0.224696
-0.110429,0.059570,0.225769
-0.110104,0.061437,0.224444
-0.108596,0.062343,0.226884
-0.098267,0.063484,0.241695
-0.100151,0.063719,0.240827
-0.101903,0.050592,0.265766
-0.102617,0.050490,0.262995
-0.102988,0.043124,0.270139
-0.102649,0.043529,0.269707
-0.167265,0.021393,0.125406
-0.167363,0.019834,0.110510
-0.166944,0.021790,0.098488
-0.167552,0.021375,0.085395
-0.166293,0.023170,0.074483
-0.167204,0.020875,0.125165
-0.166863,0.021768,0.112878
-0.166147,0.023821,0.101951
-0.165335,0.024056,0.089681
-0.165153,0.022784,0.079617
-0.165518,0.021339,0.070746
-0.164786,0.019996,0.063032
