-0.167277,0.021125,0.125129
-0.152830,0.032516,0.146548
-0.154706,0.032864,0.139834
-0.155198,0.033593,0.129892
-0.156873,0.032987,0.122969
-0.156834,0.032579,0.116451
-0.151496,0.030362,0.129791
-0.157604,0.028203,0.146523
-0.158733,0.029144,0.146668
-0.147471,0.037827,0.165346
-0.146831,0.039334,0.162827
-0.145259,0.042857,0.156241
-0.144201,0.044177,0.156272
-0.134750,0.051705,0.154439
-0.122079,0.058425,0.172471
-0.116186,0.059871,0.188574
-0.115645,0.058000,0.200490
-0.114998,0.055725,0.214772
-0.101553,0.053799,0.240523
-0.107459,0.053495,0.235996
-0.101828,0.050788,0.247412
-0.098572,0.047511,0.257414
-0.100143,0.047951,0.270716
-0.099696,0.047921,0.271400
-0.097864,0.042629,0.272917
-0.095954,0.045649,0.278386
-0.094992,0.044434,0.283483
-0.093132,0.044528,0.288070
-0.090361,0.044135,0.292812
-0.088700,0.044040,0.296069
-0.083765,0.046374,0.299807
