-0.167341,0.020994,0.124727
-0.158609,0.022837,0.116010
-0.159453,0.022537,0.098584
-0.159800,0.021365,0.091285
-0.159884,0.020985,0.088263
-0.160663,0.019731,0.084043
-0.154156,0.016823,0.099749
-0.164137,0.006253,0.090769
-0.148160,0.013882,0.101140
-0.147359,0.019809,0.100728
-0.132220,0.036472,0.111406
-0.120609,0.063137,0.127279
-0.123379,0.056882,0.125625
-0.113039,0.059298,0.142836
-0.110369,0.064623,0.145090
-0.108951,0.068269,0.146972
-0.115148,0.059656,0.173074
-0.114746,0.062422,0.169970
-0.113983,0.065116,0.165864
-0.113405,0.067000,0.159912
-0.115735,0.059247,0.177759
