-0.161636,0.026894,0.120432
-0.147676,0.033871,0.137981
-0.150124,0.035054,0.131156
-0.150358,0.035998,0.128160
-0.151529,0.037768,0.123240
-0.148402,0.037645,0.125847
-0.150952,0.038209,0.124436
-0.144438,0.039548,0.143942
-0.145993,0.040767,0.141470
-0.137615,0.046535,0.165985
-0.129916,0.056547,0.179565
-0.122731,0.056566,0.198081
-0.123893,0.056647,0.195990
-0.124912,0.057434,0.192141
-0.124553,0.059528,0.191265
-0.124429,0.060422,0.192340
-0.115103,0.056279,0.211781
-0.115491,0.056837,0.213793
-0.103533,0.056420,0.242281
-0.103889,0.057305,0.238104
-0.101235,0.051624,0.246728
-0.098122,0.047592,0.260170
-0.099146,0.048910,0.259368
-0.100511,0.050473,0.259400
-0.102930,0.051402,0.259412
-0.102663,0.051711,0.264576
-0.102445,0.050853,0.269613
-0.104154,0.047806,0.278857
-0.096748,0.050776,0.283070
-0.101374,0.048578,0.277593
-0.100581,0.047835,0.272080
-0.097831,0.048494,0.276873
