-0.167318,0.020486,0.124953
-0.166408,0.019350,0.110300
-0.165675,0.017671,0.097462
-0.165243,0.015259,0.084540
-0.164403,0.012794,0.073676
-0.163376,0.009020,0.063651
-0.150159,0.013106,0.094022
-0.157447,0.014713,0.099385
-0.161854,0.016048,0.097454
-0.140877,0.021942,0.102407
-0.120318,0.046590,0.104119
-0.115534,0.060134,0.109513
-0.120041,0.056757,0.127479
-0.121168,0.058017,0.123981
-0.111898,0.060192,0.150014
-0.109776,0.064290,0.150033
-0.108651,0.067824,0.150903
-0.117649,0.059670,0.160716
-0.117684,0.061402,0.159578
-0.115920,0.059013,0.173866
-0.115973,0.061143,0.172881
-0.167106,0.020833,0.124849
-0.159340,0.028657,0.129001
-0.158205,0.045352,0.133003
-0.156908,0.048007,0.129560
-0.151769,0.051670,0.126939
-0.134743,0.057454,0.162565
