-0.166872,0.020818,0.124159
-0.165894,0.021122,0.107894
-0.155802,0.025822,0.132080
-0.158529,0.026418,0.119811
-0.158634,0.026304,0.114874
-0.148251,0.034134,0.145484
-0.144457,0.037245,0.158177
-0.119017,0.055919,0.209628
-0.120709,0.049814,0.214571
-0.120366,0.051156,0.214124
-0.100412,0.048568,0.253457
-0.105785,0.048186,0.251784
-0.099758,0.045488,0.267047
-0.099579,0.045709,0.270149
-0.098848,0.044901,0.275022
-0.098303,0.044827,0.277032
-0.097059,0.045446,0.282572
-0.167315,0.021269,0.125342
-0.169086,0.018263,0.112704
-0.166570,0.019208,0.102053
-0.166299,0.017694,0.090706
-0.158988,0.020108,0.109401
-0.157144,0.021900,0.117087
-0.154930,0.027983,0.129494
-0.148509,0.041483,0.137910
-0.148595,0.042266,0.134244
-0.145780,0.045608,0.129044
-0.142861,0.046826,0.136865
-0.143504,0.049467,0.132628
-0.140952,0.050419,0.131993
-0.119652,0.066818,0.133038
-0.111002,0.078003,0.134349
-0.167185,0.021193,0.125322
-0.167017,0.019674,0.109469
-0.166270,0.018875,0.095394
-0.165534,0.017543,0.083122
-0.164790,0.014959,0.071739
-0.164170,0.011668,0.060162
