-0.167237,0.020863,0.125173
-0.142753,0.041995,0.156826
-0.145277,0.042810,0.149144
-0.148841,0.042448,0.135376
-0.149272,0.043074,0.130993
-0.150493,0.043422,0.124368
-0.151572,0.043088,0.118629
-0.153320,0.041309,0.109062
-0.157013,0.039029,0.122630
-0.145187,0.034861,0.126745
-0.149473,0.038928,0.120972
-0.123504,0.055100,0.142078
-0.122685,0.064057,0.140970
-0.116407,0.060224,0.152135
-0.117176,0.065214,0.150049
-0.114526,0.059880,0.185900
-0.117271,0.059645,0.187298
-0.112838,0.054267,0.220545
-0.102785,0.053919,0.245173
-0.100974,0.049871,0.250352
-0.098358,0.045896,0.261198
-0.098782,0.045411,0.264610
-0.098636,0.045104,0.269225
-0.099734,0.046609,0.276471
-0.102519,0.044408,0.282925
-0.100728,0.045463,0.285387
-0.167230,0.020869,0.125246
-0.168938,0.020689,0.112818
-0.166569,0.021665,0.099468
-0.166910,0.019922,0.090761
-0.165634,0.019312,0.080117
-0.164997,0.017137,0.068779
-0.147901,0.019202,0.093983
-0.157657,0.018962,0.091172
-0.144894,0.032550,0.117416
-0.133559,0.048580,0.154057
-0.124136,0.055094,0.188912
-0.124652,0.057475,0.186502
-0.122042,0.059801,0.184017
-0.128416,0.044649,0.212243
-0.128853,0.045354,0.211198
