-0.167178,0.020853,0.124939
-0.166777,0.022528,0.112996
-0.165738,0.023092,0.102243
-0.154957,0.029764,0.124455
-0.157929,0.030624,0.116905
-0.158416,0.031577,0.104138
-0.158458,0.031570,0.101176
-0.123749,0.061014,0.136617
-0.122886,0.071321,0.136542
-0.123137,0.060420,0.155776
-0.122012,0.057868,0.178008
-0.117974,0.054993,0.209746
-0.119096,0.053418,0.212597
-0.118899,0.054359,0.213758
-0.119094,0.054952,0.214155
-0.104654,0.058143,0.243083
-0.104907,0.057754,0.240026
-0.108153,0.059798,0.253776
-0.101239,0.060631,0.262113
-0.103181,0.063700,0.259889
-0.160698,0.025088,0.123446
-0.161580,0.025969,0.115436
-0.136596,0.046208,0.132843
-0.147540,0.049007,0.130561
-0.148168,0.051787,0.129489
-0.146877,0.056203,0.125341
-0.125741,0.059310,0.168286
-0.130883,0.058819,0.167489
-0.131081,0.057722,0.169726
-0.112250,0.055084,0.219879
-0.102734,0.053276,0.249798
-0.104343,0.055449,0.243019
-0.102436,0.054699,0.259079
-0.103666,0.056980,0.255944
-0.104608,0.057457,0.254404
-0.105197,0.058511,0.253115
