-0.166810,0.021060,0.123938
-0.151231,0.030102,0.142049
-0.152828,0.030664,0.133997
-0.157031,0.036978,0.135454
-0.156987,0.039267,0.131910
-0.158744,0.040003,0.122787
-0.153568,0.043298,0.119609
-0.147319,0.049578,0.120754
-0.139955,0.057187,0.122022
-0.119378,0.060700,0.143845
-0.123552,0.063359,0.141511
-0.122509,0.063914,0.138460
-0.121533,0.062581,0.133808
-0.123652,0.060923,0.133585
-0.122601,0.058555,0.156984
-0.121769,0.070457,0.161643
-0.117595,0.071398,0.158581
-0.114389,0.073063,0.158877
-0.122102,0.066141,0.210469
-0.109745,0.053916,0.227719
-0.102481,0.052997,0.240812
-0.101318,0.050765,0.247201
-0.167313,0.020687,0.124919
-0.167128,0.019384,0.110168
-0.166116,0.019929,0.096590
-0.156577,0.026400,0.104603
-0.154099,0.038141,0.126602
-0.156884,0.040256,0.120874
-0.116324,0.060903,0.143663
-0.116147,0.060236,0.170490
-0.116835,0.058403,0.189840
