-0.167165,0.020946,0.125187
-0.149441,0.041530,0.150394
-0.151451,0.043687,0.142989
-0.145255,0.049027,0.159148
-0.138490,0.051647,0.177050
-0.140224,0.055070,0.171383
-0.139338,0.056522,0.170211
-0.123599,0.057968,0.191767
-0.123893,0.059861,0.190685
-0.122966,0.061403,0.190786
-0.117869,0.067610,0.185331
-0.111171,0.057897,0.214778
-0.113755,0.057508,0.214875
-0.113538,0.069268,0.211413
-0.108270,0.079234,0.217220
-0.103140,0.060171,0.251978
-0.101142,0.054359,0.265013
-0.102893,0.058578,0.261371
