-0.167241,0.020700,0.124836
-0.166848,0.019235,0.110078
-0.155537,0.021274,0.133329
-0.158111,0.022222,0.119643
-0.157592,0.022483,0.105861
-0.152908,0.026861,0.126543
-0.144321,0.039576,0.148218
-0.144146,0.036705,0.162289
-0.141887,0.041597,0.198186
-0.128102,0.044181,0.222458
-0.128361,0.045581,0.218800
-0.124634,0.050167,0.214790
-0.102309,0.052738,0.244034
-0.104070,0.057809,0.233845
-0.099052,0.045894,0.260041
-0.098550,0.046289,0.265933
-0.098207,0.045699,0.268921
-0.098950,0.046709,0.274361
-0.097564,0.046038,0.280352
-0.096795,0.044618,0.285869
-0.094781,0.044668,0.291697
-0.092738,0.044259,0.294999
-0.090664,0.044547,0.297635
