-0.167265,0.021321,0.125214
-0.152947,0.040865,0.147433
-0.156875,0.041004,0.140669
-0.155187,0.044849,0.136364
-0.154959,0.047401,0.130135
-0.150756,0.052956,0.122584
-0.151214,0.054267,0.117764
-0.123867,0.063414,0.132108
-0.118741,0.075027,0.136883
-0.122136,0.058381,0.173365
-0.124643,0.058951,0.173630
-0.126250,0.059417,0.173539
-0.128691,0.057515,0.173109
-0.115113,0.055100,0.213698
-0.116901,0.054887,0.214716
-0.107443,0.060682,0.238412
-0.107398,0.059377,0.234297
-0.107880,0.058596,0.232973
-0.111530,0.068925,0.230424
-0.098698,0.073452,0.244038
-0.104272,0.070229,0.240807
-0.103954,0.063191,0.262145
-0.103816,0.058393,0.268109
