-0.167286,0.020780,0.125138
-0.154536,0.024486,0.144294
-0.156118,0.026433,0.128844
-0.156491,0.027914,0.121799
-0.158147,0.030163,0.100325
-0.158237,0.030479,0.097225
-0.159101,0.029958,0.093077
-0.139232,0.037211,0.122221
-0.140801,0.047391,0.127044
-0.124937,0.062400,0.158911
-0.118343,0.065801,0.170454
-0.117296,0.066497,0.175299
-0.113159,0.073656,0.169988
-0.121316,0.058919,0.162143
-0.123352,0.061189,0.163065
-0.120754,0.055799,0.204036
-0.121784,0.054099,0.205103
-0.102351,0.053441,0.240098
-0.105611,0.053085,0.237618
-0.102133,0.055758,0.257351
-0.102714,0.057501,0.251810
-0.098618,0.045401,0.263096
-0.099467,0.046204,0.266031
-0.098835,0.045731,0.268429
-0.098194,0.047148,0.272785
-0.098095,0.045917,0.275509
-0.098288,0.044767,0.287179
