-0.167089,0.020817,0.124984
-0.150048,0.035286,0.162891
-0.152382,0.039650,0.150522
-0.152424,0.043887,0.140791
-0.152566,0.045335,0.136338
-0.152407,0.046729,0.131867
-0.152211,0.048175,0.128804
-0.138259,0.061027,0.160394
-0.123628,0.063474,0.196436
-0.105173,0.061408,0.245803
-0.105789,0.063004,0.244557
-0.107154,0.063780,0.243972
-0.108426,0.065942,0.242630
-0.106799,0.061758,0.251810
-0.102758,0.053003,0.262716
-0.104686,0.056487,0.259610
-0.103058,0.057470,0.263684
-0.167430,0.020765,0.125287
-0.166507,0.020323,0.110205
-0.166423,0.019886,0.099189
-0.153791,0.032072,0.121113
-0.157681,0.034819,0.114618
-0.157321,0.037410,0.104163
-0.157524,0.038087,0.096466
-0.167260,0.020799,0.125414
-0.166995,0.019966,0.110349
-0.154082,0.034744,0.141538
-0.156553,0.036678,0.134196
-0.155182,0.040685,0.132934
-0.154927,0.042679,0.126855
-0.153971,0.045547,0.119916
-0.136244,0.055928,0.150380
-0.137909,0.056662,0.147071
