-0.167372,0.020938,0.125397
-0.150304,0.038017,0.157622
-0.152807,0.038386,0.150164
-0.154336,0.038768,0.144423
-0.155256,0.039045,0.137763
-0.149100,0.036195,0.157184
-0.144378,0.044065,0.175275
-0.145994,0.044880,0.173173
-0.144401,0.051557,0.167565
-0.136900,0.056187,0.190332
-0.133736,0.060526,0.184619
-0.128725,0.062444,0.187284
-0.112592,0.058004,0.214892
-0.101631,0.053811,0.240426
-0.104739,0.056411,0.234954
-0.102008,0.053192,0.246476
-0.101860,0.052437,0.255417
-0.102515,0.052251,0.258033
-0.103444,0.051618,0.266117
-0.102181,0.052377,0.270580
-0.161818,0.025475,0.110712
-0.161461,0.026123,0.104704
-0.161191,0.027025,0.094491
-0.160979,0.026186,0.085882
-0.160896,0.025562,0.082410
-0.160930,0.025766,0.079293
-0.158388,0.033804,0.113353
-0.158305,0.037219,0.114323
-0.153480,0.046295,0.115503
-0.149926,0.050597,0.116532
