-0.167214,0.021150,0.125260
-0.152542,0.036194,0.135501
-0.154696,0.034998,0.128704
-0.156007,0.035476,0.121547
-0.158556,0.033711,0.105469
-0.161154,0.034084,0.097398
-0.159260,0.036085,0.093876
-0.156769,0.039989,0.092611
-0.167148,0.021024,0.124559
-0.158200,0.024671,0.118150
-0.159373,0.026052,0.108639
-0.155469,0.037096,0.116401
-0.155735,0.039712,0.112668
-0.154388,0.042198,0.109606
-0.124193,0.068067,0.131881
-0.167228,0.020630,0.124894
-0.167760,0.020854,0.113548
-0.166596,0.023988,0.105612
-0.165418,0.025543,0.094482
-0.165397,0.025566,0.083580
-0.164639,0.025327,0.067404
-0.164409,0.026033,0.060332
