-0.167129,0.021211,0.125085
-0.149154,0.041283,0.153667
-0.146633,0.044799,0.172974
-0.150206,0.045866,0.164233
-0.149829,0.047357,0.160011
-0.150909,0.049271,0.147978
-0.152412,0.048558,0.140913
-0.146225,0.044512,0.153524
-0.143215,0.046571,0.173806
-0.143537,0.049353,0.172505
-0.123157,0.057363,0.194488
-0.119690,0.060280,0.193117
-0.115981,0.064415,0.190599
-0.113655,0.068757,0.185116
-0.110312,0.072919,0.181648
-0.104532,0.077468,0.181987
-0.111043,0.059998,0.205342
-0.110083,0.063882,0.206193
-0.108503,0.067060,0.207700
-0.101310,0.053479,0.241083
-0.100615,0.051706,0.246289
-0.162220,0.026562,0.113459
-0.155287,0.029124,0.141133
-0.151034,0.041794,0.163247
-0.129561,0.053640,0.193599
-0.129270,0.055046,0.186392
