-0.162707,0.023129,0.120001
-0.162558,0.026345,0.121637
-0.162777,0.028447,0.117393
-0.158981,0.031787,0.114049
-0.155433,0.036782,0.112614
-0.152369,0.041771,0.112265
-0.147630,0.047454,0.112821
-0.142381,0.053098,0.113642
-0.122327,0.057659,0.139597
-0.123395,0.061805,0.137857
-0.120855,0.058408,0.158207
-0.124946,0.059789,0.160446
-0.121949,0.057289,0.178518
-0.122370,0.057757,0.177522
-0.120245,0.061925,0.191715
-0.123262,0.059929,0.194100
-0.124266,0.058354,0.196773
-0.167085,0.020951,0.124556
-0.167784,0.020550,0.111762
-0.166864,0.021752,0.100634
-0.166492,0.021838,0.090219
-0.165422,0.021717,0.078951
