-0.167408,0.020770,0.125165
-0.166795,0.020930,0.111180
-0.166027,0.020551,0.098074
-0.165243,0.019178,0.085728
-0.164760,0.016678,0.073961
-0.155541,0.015273,0.093040
-0.158626,0.014531,0.088755
-0.151589,0.020590,0.105684
-0.148475,0.030161,0.125852
-0.149459,0.036986,0.113451
-0.149033,0.037544,0.111026
-0.145824,0.041964,0.128031
-0.151259,0.044271,0.125728
-0.151533,0.043313,0.121358
-0.127652,0.048177,0.138778
-0.114373,0.061307,0.161819
-0.110834,0.067206,0.159164
-0.114474,0.060298,0.181816
-0.115674,0.055038,0.213184
-0.117957,0.055685,0.212795
-0.118256,0.055084,0.213993
-0.119788,0.055166,0.213505
-0.100810,0.056308,0.237361
-0.102163,0.057884,0.234257
-0.100723,0.049447,0.257934
-0.102050,0.052484,0.245405
-0.102128,0.054013,0.257559
-0.100288,0.048970,0.264483
-0.098761,0.044923,0.270647
-0.103137,0.046085,0.279223
