-0.167467,0.021052,0.125578
-0.166358,0.020682,0.110580
-0.165708,0.019690,0.098034
-0.165120,0.018387,0.084190
-0.165250,0.015609,0.073650
-0.155541,0.012193,0.091682
-0.160005,0.010986,0.088561
-0.160492,0.011588,0.085049
-0.160231,0.010082,0.099122
-0.164975,0.010088,0.105705
-0.133961,0.042038,0.124817
-0.127275,0.053169,0.129198
-0.116297,0.054454,0.212394
-0.117603,0.054197,0.212873
-0.109337,0.055965,0.224419
-0.101947,0.053315,0.240733
-0.100592,0.050236,0.249775
-0.098928,0.045305,0.264590
-0.100163,0.046585,0.266201
-0.099608,0.046913,0.268597
-0.100491,0.044655,0.273259
-0.098366,0.045893,0.278176
