-0.167218,0.020827,0.125164
-0.149466,0.041942,0.160164
-0.152706,0.043962,0.146220
-0.154445,0.045002,0.135855
-0.156708,0.044081,0.124422
-0.156805,0.033158,0.139733
-0.151227,0.040848,0.163333
-0.151354,0.041395,0.161668
-0.131284,0.051712,0.183393
-0.120398,0.055988,0.206531
-0.106909,0.054460,0.230576
-0.112532,0.056413,0.222219
-0.102026,0.055027,0.243097
-0.099187,0.049021,0.253510
-0.098023,0.045764,0.261755
-0.100552,0.050757,0.273343
-0.097440,0.052594,0.280943
-0.167147,0.020738,0.124966
-0.162432,0.026885,0.129623
-0.161429,0.028540,0.121354
-0.161587,0.029156,0.108602
-0.162420,0.028311,0.100903
-0.161204,0.025077,0.082748
-0.156738,0.029003,0.118633
-0.156486,0.033469,0.117601
