-0.167225,0.020770,0.124536
-0.166343,0.020866,0.109687
-0.155184,0.014231,0.106943
-0.157549,0.012036,0.093828
-0.155677,-0.014108,0.076155
-0.167159,0.021132,0.124854
-0.168236,0.018679,0.111216
-0.166335,0.019473,0.099338
-0.162993,0.022912,0.102500
-0.163214,0.022374,0.095845
-0.162774,0.021985,0.089421
-0.162070,0.020474,0.081258
-0.162619,0.020231,0.077698
-0.154709,0.029841,0.129020
-0.167275,0.020812,0.125115
-0.166781,0.020613,0.109394
-0.165974,0.022479,0.098481
-0.154688,0.037242,0.135581
-0.126576,0.063205,0.176460
-0.127798,0.063597,0.168483
-0.128934,0.064769,0.165166
-0.122663,0.065500,0.179466
-0.122862,0.066954,0.176066
-0.120443,0.069549,0.173492
-0.119107,0.072275,0.174141
-0.116360,0.074945,0.175206
-0.113939,0.077878,0.178005
-0.110629,0.065731,0.215369
-0.112277,0.073793,0.215123
-0.103411,0.082273,0.218373
-0.104824,0.061519,0.247155
-0.104183,0.061002,0.254296
-0.105473,0.062331,0.254109
-0.105915,0.063010,0.255102
