-0.160870,0.022826,0.111532
-0.161328,0.028527,0.128077
-0.162591,0.028564,0.126155
-0.147072,0.034919,0.158783
-0.146807,0.037623,0.158478
-0.145173,0.040408,0.158211
-0.134383,0.051426,0.188659
-0.135519,0.052469,0.185820
-0.131604,0.055304,0.180264
-0.127990,0.055531,0.185016
-0.122387,0.057369,0.198207
-0.119352,0.058371,0.204352
-0.117346,0.058662,0.208614
-0.116002,0.058755,0.211161
-0.115686,0.059093,0.212889
-0.101754,0.053378,0.241303
-0.101482,0.051292,0.262793
-0.102145,0.053954,0.260320
-0.103963,0.055281,0.258914
-0.104950,0.055697,0.256953
-0.098561,0.043903,0.268774
-0.099104,0.046774,0.270546
-0.098840,0.046109,0.276243
