-0.167202,0.020927,0.124978
-0.157464,0.020639,0.124317
-0.158250,0.022203,0.118835
-0.158183,0.024782,0.108183
-0.150276,0.029968,0.123625
-0.150409,0.037526,0.136014
-0.150392,0.038240,0.166438
-0.133430,0.046428,0.205047
-0.111389,0.047641,0.242540
-0.112167,0.051879,0.234378
-0.110699,0.058038,0.226088
-0.109412,0.060688,0.222572
-0.108763,0.062644,0.220649
-0.108392,0.063876,0.218803
-0.108275,0.064871,0.217262
-0.098826,0.045173,0.264845
-0.100057,0.046622,0.265516
-0.100634,0.046333,0.267759
-0.104386,0.044685,0.273860
-0.103673,0.044805,0.275032
-0.103205,0.044829,0.276614
-0.105862,0.043358,0.280047
