-0.167312,0.021295,0.125214
-0.166076,0.021883,0.107962
-0.166206,0.019125,0.094684
-0.165289,0.015635,0.082869
-0.159502,0.005567,0.088938
-0.165123,-0.014545,0.084504
-0.164080,0.000642,0.106893
-0.150898,0.020342,0.124479
-0.146937,0.030369,0.129453
-0.148081,0.037576,0.132566
-0.153344,0.035725,0.136865
-0.143822,0.037432,0.150527
-0.141373,0.044103,0.149762
-0.117432,0.059314,0.171686
-0.113662,0.067206,0.163268
-0.109654,0.071602,0.160265
-0.115000,0.060477,0.174119
-0.112449,0.060475,0.192480
-0.111243,0.064361,0.191142
-0.115873,0.055070,0.213228
-0.117549,0.054938,0.213661
-0.118815,0.054946,0.214423
-0.101926,0.053891,0.240143
-0.105768,0.053099,0.237613
-0.099487,0.048900,0.253218
