-0.164995,0.010684,0.096756
-0.157085,0.031366,0.102620
-0.157200,0.031603,0.098306
-0.159874,0.033153,0.091795
-0.129965,0.069034,0.152430
-0.131020,0.067427,0.149201
-0.125530,0.061375,0.167106
-0.127545,0.059905,0.164509
-0.129360,0.058474,0.164030
-0.130081,0.057618,0.164038
-0.126935,0.056529,0.177980
-0.128274,0.053822,0.181108
-0.126686,0.054359,0.189619
-0.126303,0.054743,0.186973
-0.125873,0.056994,0.189782
-0.126982,0.057365,0.189865
-0.120331,0.056670,0.203773
-0.118572,0.058466,0.208858
-0.102229,0.055437,0.237438
-0.104277,0.058624,0.232062
-0.106390,0.060503,0.227998
-0.106166,0.061564,0.227612
-0.108761,0.060514,0.225359
-0.105068,0.059570,0.234628
