-0.167159,0.021008,0.124979
-0.166366,0.020737,0.109847
-0.165555,0.021192,0.096968
-0.165000,0.021136,0.085894
-0.164701,0.020133,0.074792
-0.164450,0.018358,0.065975
-0.164531,0.016303,0.058762
-0.165267,0.015072,0.055165
-0.143518,0.007213,0.076966
-0.157351,0.009292,0.079132
-0.135107,0.037511,0.108955
-0.142239,0.039654,0.105954
-0.121996,0.056478,0.129847
-0.121745,0.058006,0.155860
-0.125048,0.057386,0.153203
-0.121850,0.057549,0.181619
-0.122316,0.057581,0.180817
-0.119742,0.069080,0.179831
-0.113104,0.060538,0.210406
