-0.167104,0.021076,0.124950
-0.166293,0.021956,0.111742
-0.166065,0.020725,0.101695
-0.157722,0.019604,0.122024
-0.159005,0.020237,0.116759
-0.158868,0.022183,0.105985
-0.161348,0.021155,0.094858
-0.161522,0.021291,0.093665
-0.161578,0.022141,0.092159
-0.162090,0.021622,0.091418
-0.163139,0.019381,0.089048
-0.157909,0.018617,0.109148
-0.160311,0.017426,0.109540
-0.159937,0.021133,0.114137
-0.162836,0.005042,0.122119
-0.159877,0.012826,0.124556
-0.139275,0.044699,0.162170
-0.139302,0.044212,0.161992
-0.128314,0.046803,0.201759
-0.126583,0.049239,0.202668
-0.120279,0.052951,0.212103
-0.116495,0.054375,0.217637
-0.100053,0.047377,0.260333
-0.100577,0.048172,0.257014
-0.099468,0.045741,0.264874
-0.100273,0.045264,0.269678
-0.098645,0.044666,0.276922
-0.097502,0.044878,0.280662
-0.096821,0.044082,0.284540
-0.095166,0.043843,0.291126
-0.167154,0.020570,0.124888
-0.167663,0.018502,0.110773
-0.158293,0.028453,0.114938
-0.159730,0.029468,0.108924
-0.160690,0.029787,0.104830
-0.161468,0.029863,0.101353
-0.155376,0.036956,0.128863
-0.128846,0.055836,0.153403
-0.127475,0.063387,0.150875
-0.119536,0.059635,0.178837
-0.117982,0.062496,0.179228
-0.113794,0.054774,0.216850
-0.116414,0.054946,0.215341
-0.167215,0.020600,0.125142
-0.166607,0.020363,0.110915
-0.166129,0.022217,0.099934
-0.165418,0.022660,0.090026
-0.165629,0.024389,0.082630
-0.164184,0.023239,0.068031
-0.150614,0.032648,0.109689
-0.153463,0.036426,0.104867
