-0.167191,0.020848,0.125337
-0.166041,0.021750,0.110024
-0.153790,0.028215,0.121826
-0.156052,0.027987,0.114779
-0.157224,0.027827,0.103006
-0.157285,0.027301,0.097090
-0.159989,0.024283,0.086303
-0.162607,0.018912,0.085355
-0.162044,0.018661,0.087554
-0.160930,0.020563,0.089255
-0.160331,0.021805,0.090592
-0.158073,0.024405,0.092810
-0.143010,0.026045,0.104347
-0.131900,0.042465,0.120606
-0.136369,0.044003,0.117025
-0.167284,0.020807,0.125016
-0.164667,0.029935,0.128107
-0.163121,0.031248,0.117613
-0.163555,0.030389,0.107307
-0.163521,0.029618,0.098569
-0.163001,0.027264,0.083249
-0.163143,0.025405,0.076909
-0.163193,0.021640,0.069758
-0.157520,0.013184,0.094069
-0.152334,0.022564,0.121733
-0.145135,0.038445,0.149149
-0.145124,0.045945,0.149011
-0.139653,0.051399,0.150380
-0.135824,0.056083,0.150654
-0.124614,0.056535,0.191865
-0.108075,0.053113,0.232869
-0.110961,0.054079,0.228238
