-0.167338,0.021373,0.125537
-0.153641,0.032574,0.129767
-0.156087,0.032015,0.123095
-0.155956,0.033064,0.115109
-0.156106,0.032934,0.108941
-0.156314,0.032784,0.102666
-0.157733,0.030305,0.093688
-0.122398,0.052990,0.118012
-0.124139,0.058658,0.123904
-0.118243,0.057574,0.137461
-0.119614,0.059852,0.135630
-0.119023,0.062327,0.133899
-0.118800,0.057394,0.146470
-0.118545,0.058180,0.162413
-0.120018,0.059268,0.168194
-0.120718,0.057498,0.180965
-0.114998,0.057748,0.201233
-0.113087,0.055216,0.218556
-0.114164,0.056131,0.219753
-0.113894,0.056355,0.221237
-0.114742,0.055268,0.224421
