-0.167350,0.020974,0.125589
-0.166451,0.021528,0.111847
-0.165767,0.020716,0.100161
-0.156402,0.018407,0.111470
-0.149513,0.026638,0.125082
-0.145455,0.038548,0.143429
-0.147153,0.039622,0.139280
-0.142259,0.044868,0.157167
-0.131930,0.055541,0.175742
-0.134312,0.056084,0.171430
-0.131528,0.056968,0.168821
-0.131105,0.057838,0.167859
-0.130738,0.058307,0.167248
-0.125109,0.057510,0.191637
-0.125441,0.059562,0.190856
-0.124957,0.061437,0.190887
-0.117625,0.064305,0.190610
-0.111829,0.071204,0.188978
-0.111927,0.058777,0.209897
-0.109842,0.064498,0.207754
-0.108780,0.067858,0.206931
-0.107993,0.069795,0.206413
-0.107543,0.071144,0.208229
-0.106266,0.070604,0.211036
-0.103049,0.058878,0.247774
-0.105622,0.061410,0.249422
