-0.167221,0.020815,0.124946
-0.166778,0.019774,0.111158
-0.165926,0.018685,0.099473
-0.165263,0.017581,0.086625
-0.158819,0.015408,0.110692
-0.166050,0.019217,0.128770
-0.165380,0.021063,0.126693
-0.163581,0.025978,0.126509
-0.150247,0.032951,0.152378
-0.152253,0.037095,0.150575
-0.134540,0.049934,0.168596
-0.122315,0.057116,0.191852
-0.125176,0.056132,0.192545
-0.124223,0.056021,0.195101
-0.123760,0.055651,0.198007
-0.108971,0.054168,0.228904
-0.102132,0.049902,0.248165
-0.103191,0.052577,0.242973
-0.105949,0.056395,0.234104
-0.105121,0.051151,0.248031
-0.098335,0.044911,0.263927
-0.098354,0.045705,0.264817
-0.097582,0.046874,0.268246
-0.096411,0.045877,0.276642
-0.096276,0.045308,0.278527
-0.095759,0.045137,0.281907
-0.095292,0.046343,0.287502
-0.093373,0.047805,0.290311
-0.089473,0.050271,0.291097
-0.167155,0.020843,0.124528
-0.152523,0.028367,0.136146
-0.154575,0.028813,0.128914
-0.155323,0.029847,0.120977
-0.143664,0.039027,0.150809
-0.144714,0.040611,0.146996
-0.145638,0.044075,0.137419
-0.146140,0.044993,0.135144
-0.139739,0.052057,0.154542
-0.140637,0.054612,0.149952
-0.127178,0.057180,0.182702
-0.128589,0.059359,0.180471
