-0.167115,0.021902,0.125209
-0.151501,0.034793,0.143150
-0.154641,0.038047,0.124524
-0.145592,0.047488,0.162486
-0.147315,0.049892,0.154965
-0.145443,0.051841,0.152242
-0.127564,0.056320,0.188856
-0.129532,0.056281,0.187511
-0.113702,0.058067,0.210840
-0.114442,0.058850,0.209265
-0.115023,0.058955,0.207561
-0.115498,0.059067,0.206351
-0.117271,0.059340,0.203463
-0.123795,0.057751,0.196913
-0.108054,0.062284,0.234819
-0.106835,0.062210,0.251450
-0.100846,0.051888,0.245698
-0.102819,0.053238,0.242443
-0.167276,0.020996,0.125325
-0.163026,0.017166,0.089567
-0.163100,0.015709,0.084526
-0.162126,0.014616,0.076840
-0.155545,0.023552,0.103840
-0.151913,0.036468,0.140575
-0.153834,0.037986,0.140322
-0.167221,0.021054,0.125029
-0.149328,0.033080,0.148590
-0.150616,0.035644,0.142463
-0.150688,0.038368,0.136584
-0.150867,0.042287,0.126136
-0.151690,0.043008,0.124094
-0.152076,0.046412,0.118505
-0.138514,0.054749,0.158310
-0.123515,0.056278,0.200601
-0.104097,0.056652,0.231482
-0.101545,0.052264,0.244058
-0.100357,0.049040,0.255962
-0.100216,0.048941,0.257479
-0.100093,0.046403,0.264991
-0.102485,0.050211,0.279496
-0.099226,0.050821,0.283758
-0.095499,0.052410,0.287343
