-0.167324,0.020846,0.124946
-0.149790,0.049629,0.149282
-0.149209,0.052495,0.144811
-0.148659,0.054954,0.132321
-0.148935,0.055057,0.128789
-0.149164,0.054941,0.124905
-0.149230,0.054108,0.123064
-0.136110,0.054149,0.152224
-0.137312,0.056436,0.151569
-0.135370,0.058086,0.152659
-0.110997,0.060802,0.202182
-0.101077,0.054182,0.240340
-0.107803,0.055614,0.233065
-0.102086,0.053546,0.257942
-0.102671,0.057606,0.249473
-0.167223,0.021025,0.125420
-0.160297,0.034450,0.137984
-0.162118,0.039891,0.126506
-0.163396,0.041237,0.122083
-0.163798,0.044462,0.114095
-0.163111,0.046155,0.108946
-0.157267,0.052095,0.107694
-0.159787,0.053520,0.102965
-0.152673,0.029763,0.157850
-0.153049,0.034247,0.152670
-0.140022,0.045362,0.195189
-0.136354,0.049353,0.200102
-0.124315,0.052635,0.211180
-0.116210,0.053060,0.222343
-0.099387,0.043466,0.266734
-0.099638,0.045830,0.267142
