-0.167248,0.020952,0.125407
-0.153059,0.049945,0.156375
-0.155725,0.051871,0.149164
-0.155318,0.054155,0.144168
-0.154253,0.056021,0.142723
-0.125875,0.070076,0.178966
-0.124362,0.071185,0.178494
-0.116923,0.071357,0.217051
-0.115406,0.072304,0.218560
-0.110932,0.070271,0.226523
-0.166761,0.020879,0.124124
-0.158268,0.029548,0.129360
-0.148834,0.042699,0.133220
-0.151281,0.045184,0.129318
-0.151487,0.047169,0.127652
-0.147453,0.052669,0.122236
-0.123109,0.074426,0.123956
-0.122296,0.066466,0.166429
-0.161752,0.022579,0.108039
-0.161759,0.022764,0.102718
-0.161096,0.023257,0.094689
-0.160846,0.023125,0.081280
-0.161199,0.021920,0.072150
-0.155077,0.024077,0.097812
-0.124472,0.055339,0.131834
-0.123237,0.053936,0.199095
-0.122906,0.054451,0.198645
-0.127649,0.053990,0.185960
-0.129416,0.053929,0.179213
-0.129185,0.056146,0.169942
-0.128712,0.057614,0.166085
-0.127708,0.058976,0.162448
-0.124079,0.079387,0.184098
-0.116175,0.076543,0.185338
-0.114391,0.054606,0.217246
-0.116971,0.065740,0.207895
-0.113916,0.068601,0.208250
-0.113687,0.068811,0.203841
