-0.167412,0.021093,0.125150
-0.149678,0.043964,0.151492
-0.151720,0.045887,0.144655
-0.151970,0.048042,0.137705
-0.152630,0.049500,0.126759
-0.153521,0.048589,0.119114
-0.152297,0.051434,0.110701
-0.124006,0.060600,0.144103
-0.121614,0.058941,0.164615
-0.121737,0.061688,0.168763
-0.120614,0.062473,0.173110
-0.121223,0.062680,0.179106
-0.121983,0.062284,0.184956
-0.124174,0.061049,0.182761
-0.125980,0.068813,0.178568
-0.114440,0.057276,0.211196
-0.115239,0.055784,0.215209
-0.116281,0.055009,0.216713
-0.117269,0.053044,0.219448
-0.105096,0.058289,0.249156
-0.106854,0.060026,0.246697
-0.102927,0.055925,0.257145
-0.167141,0.020941,0.124735
-0.167007,0.019460,0.109578
-0.154029,0.031171,0.136756
-0.156687,0.033201,0.129558
-0.156811,0.035166,0.123467
-0.156868,0.036701,0.119789
-0.151557,0.041170,0.145169
-0.152360,0.044988,0.143884
-0.131103,0.058482,0.175574
-0.132394,0.059123,0.173802
-0.128403,0.061677,0.174373
