-0.167242,0.020961,0.124821
-0.166362,0.021336,0.110507
-0.156161,0.024464,0.124743
-0.158207,0.025602,0.115282
-0.158705,0.026264,0.112912
-0.159854,0.027630,0.108651
-0.155061,0.029191,0.121345
-0.138952,0.034643,0.122298
-0.124782,0.053570,0.136339
-0.126246,0.057305,0.134002
-0.123612,0.061532,0.131908
-0.115397,0.067377,0.144993
-0.120194,0.057439,0.147750
-0.119465,0.057825,0.159397
-0.119531,0.059141,0.168931
-0.118881,0.057310,0.188150
-0.119832,0.059524,0.192601
-0.119096,0.060473,0.197369
-0.118483,0.060278,0.201233
-0.112228,0.054510,0.221285
-0.101820,0.053552,0.240705
-0.101703,0.050860,0.247142
-0.098564,0.046948,0.258443
-0.100894,0.051122,0.251200
-0.167273,0.020608,0.125205
-0.166914,0.020098,0.111008
-0.166057,0.020266,0.098844
-0.165469,0.019236,0.085781
-0.164583,0.017970,0.073238
-0.164116,0.015401,0.063174
-0.158760,0.013652,0.100965
-0.156313,0.022818,0.135271
-0.155480,0.026422,0.134798
-0.144443,0.047812,0.159840
