-0.167108,0.020910,0.125263
-0.166513,0.020859,0.112175
-0.166265,0.019828,0.101066
-0.156388,0.016334,0.105738
-0.154395,0.019946,0.114073
-0.154776,0.024856,0.124900
-0.151584,0.030298,0.132048
-0.148053,0.033078,0.134026
-0.149482,0.035658,0.131438
-0.150303,0.036737,0.129753
-0.141014,0.044879,0.124327
-0.129511,0.055219,0.122708
-0.121078,0.064810,0.124564
-0.167326,0.021068,0.125501
-0.166439,0.023457,0.118756
-0.166269,0.025340,0.109608
-0.165525,0.026514,0.099323
-0.164974,0.027056,0.088395
-0.156196,0.035302,0.110389
-0.157724,0.037363,0.104238
-0.121810,0.058888,0.138142
-0.124432,0.063575,0.134796
-0.122075,0.058307,0.179841
-0.122274,0.061059,0.177503
