-0.167113,0.021285,0.125199
-0.166430,0.022728,0.112958
-0.166003,0.022586,0.102245
-0.165251,0.020682,0.090831
-0.164738,0.019056,0.080677
-0.165257,0.016372,0.071408
-0.163841,0.013956,0.063372
-0.159620,0.003369,0.097508
-0.160737,0.008516,0.097898
-0.148469,0.024915,0.122319
-0.143998,0.039375,0.142519
-0.147851,0.043254,0.158694
-0.149067,0.045024,0.156831
-0.140961,0.048519,0.179948
-0.125903,0.052747,0.205455
-0.126241,0.056080,0.199648
-0.122514,0.060911,0.190840
-0.116180,0.067158,0.191012
-0.107244,0.060978,0.215502
-0.105296,0.055593,0.231284
-0.106415,0.055499,0.230956
-0.106800,0.058626,0.227535
-0.108729,0.060201,0.225392
-0.111506,0.059593,0.223226
-0.102731,0.055230,0.243719
-0.099928,0.051425,0.248931
-0.101196,0.053865,0.259706
-0.102553,0.054904,0.258650
-0.102734,0.053105,0.258296
-0.167346,0.020927,0.125083
-0.167055,0.021313,0.111665
-0.166060,0.022679,0.100325
-0.154279,0.038500,0.124168
-0.135805,0.057631,0.148726
-0.129720,0.056845,0.176385
-0.131705,0.057919,0.169492
-0.132397,0.059335,0.161874
-0.114224,0.057897,0.209305
-0.104536,0.058929,0.246191
