-0.167263,0.020863,0.125233
-0.148984,0.028156,0.138022
-0.150372,0.028256,0.131006
-0.152483,0.027982,0.117685
-0.154983,0.025782,0.104649
-0.155702,0.024624,0.098355
-0.156091,0.023139,0.093337
-0.156270,0.012719,0.110463
-0.160180,0.015446,0.112160
-0.149064,0.025897,0.134997
-0.151853,0.032655,0.151357
-0.145593,0.039585,0.151819
-0.143897,0.040211,0.146648
-0.143317,0.041296,0.141771
-0.143730,0.039126,0.146511
-0.144408,0.038657,0.142489
-0.155239,0.036519,0.152018
-0.143011,0.038231,0.170734
-0.142585,0.041317,0.167114
-0.140036,0.045855,0.160235
-0.139464,0.047717,0.158190
-0.122333,0.057093,0.171177
-0.120370,0.062097,0.169814
-0.113456,0.069341,0.169878
-0.112058,0.074347,0.164737
-0.115487,0.060686,0.177236
-0.117366,0.058019,0.189399
-0.116716,0.060909,0.188380
-0.116229,0.057325,0.200661
-0.112614,0.055062,0.220158
-0.101772,0.053151,0.241506
-0.107483,0.052944,0.236655
-0.100425,0.050506,0.249392
