-0.167245,0.020960,0.125366
-0.148060,0.038845,0.162812
-0.150900,0.040195,0.157075
-0.151779,0.044971,0.145612
-0.142563,0.046263,0.184209
-0.122276,0.047577,0.226354
-0.101327,0.045339,0.258934
-0.101884,0.046294,0.258457
-0.102494,0.045933,0.272847
-0.102171,0.045193,0.277580
-0.101894,0.043924,0.282631
-0.100316,0.043759,0.287626
-0.167267,0.020901,0.125105
-0.167101,0.019297,0.109715
-0.150578,0.049895,0.109897
-0.167311,0.020704,0.125078
-0.167054,0.020635,0.111797
-0.166028,0.022769,0.100588
-0.165783,0.024309,0.090581
-0.165609,0.025044,0.081606
-0.164129,0.026155,0.062842
