-0.160890,0.023007,0.129252
-0.159917,0.024152,0.120933
-0.160394,0.023525,0.112815
-0.160681,0.022474,0.104887
-0.155420,0.024005,0.130425
-0.157036,0.024483,0.126615
-0.146532,0.033486,0.144924
-0.149293,0.034696,0.138210
-0.148561,0.037675,0.140502
-0.140929,0.040626,0.164501
-0.141330,0.044207,0.193480
-0.128979,0.048043,0.212358
-0.106941,0.053127,0.235054
-0.107711,0.054661,0.232192
-0.098577,0.045443,0.262720
-0.099868,0.047061,0.264725
-0.100818,0.046937,0.268477
-0.100663,0.049939,0.274875
-0.099475,0.049802,0.280659
-0.167235,0.020943,0.125110
-0.166612,0.020554,0.108761
-0.166402,0.019492,0.097616
-0.165329,0.019951,0.085342
-0.165272,0.017809,0.074060
-0.164275,0.017384,0.064087
-0.164621,0.015600,0.057397
-0.164939,0.013494,0.050502
-0.145747,0.021177,0.105278
-0.128538,0.051333,0.133676
-0.132463,0.053038,0.125977
-0.123213,0.057627,0.155792
-0.122330,0.057874,0.174402
-0.122368,0.058934,0.174444
