-0.161173,0.025205,0.119995
-0.161105,0.025338,0.112394
-0.161239,0.025013,0.104880
-0.161038,0.024417,0.093019
-0.160619,0.022113,0.081586
-0.153854,0.012230,0.094337
-0.150227,0.025268,0.117945
-0.148570,0.040547,0.120906
-0.143324,0.046740,0.150120
-0.144333,0.049636,0.147924
-0.135200,0.053390,0.163424
-0.136482,0.055786,0.160372
-0.127385,0.057332,0.181980
-0.128693,0.058356,0.180109
-0.167189,0.020838,0.125045
-0.166885,0.019117,0.110009
-0.153993,0.031446,0.131803
-0.156687,0.032391,0.124525
-0.157498,0.033368,0.118539
-0.158178,0.034004,0.110874
-0.150038,0.041268,0.138252
-0.153299,0.042519,0.134870
