-0.167199,0.020916,0.125072
-0.167007,0.020260,0.112770
-0.154104,0.038841,0.141861
-0.144230,0.047454,0.170543
-0.124021,0.056675,0.196730
-0.122870,0.057664,0.191180
-0.124443,0.058745,0.189991
-0.122376,0.059795,0.190719
-0.121544,0.061059,0.193166
-0.121041,0.061427,0.193276
-0.120338,0.063427,0.192969
-0.120062,0.063907,0.194127
-0.123861,0.063152,0.184210
-0.117011,0.057796,0.210290
-0.116426,0.061996,0.205613
-0.110508,0.056038,0.224262
-0.102146,0.054888,0.248761
-0.100722,0.054193,0.240729
-0.103061,0.055798,0.249414
-0.104116,0.059661,0.243064
-0.105780,0.062171,0.235750
-0.099070,0.049000,0.253883
-0.098226,0.047224,0.257956
-0.098488,0.045040,0.265135
-0.097216,0.045884,0.269390
-0.096926,0.045422,0.274289
-0.096667,0.044873,0.278580
-0.096307,0.056883,0.268086
-0.099531,0.047902,0.273929
-0.101276,0.047668,0.274087
-0.100083,0.044823,0.283615
-0.099068,0.045236,0.286710
