-0.167323,0.021008,0.125183
-0.166585,0.020082,0.110208
-0.154931,0.013411,0.110435
-0.156640,0.011607,0.096339
-0.147372,0.003798,0.085413
-0.143394,0.022483,0.097238
-0.120823,0.057491,0.121771
-0.167404,0.021290,0.125529
-0.167189,0.020520,0.109713
-0.166470,0.020803,0.099076
-0.165621,0.021073,0.089417
-0.156993,0.037268,0.124344
-0.158601,0.040192,0.118462
-0.157619,0.041943,0.114435
-0.153370,0.044829,0.110636
-0.133598,0.056797,0.146297
-0.133954,0.058847,0.143630
-0.120233,0.059852,0.185760
-0.119233,0.065317,0.185439
-0.115961,0.069613,0.186547
-0.102085,0.053630,0.240207
-0.102121,0.052506,0.259995
-0.099429,0.053824,0.272201
