-0.167208,0.021076,0.125261
-0.154017,0.039924,0.147322
-0.156740,0.040181,0.141214
-0.157737,0.043519,0.134145
-0.157052,0.043392,0.120306
-0.158234,0.041641,0.112237
-0.147227,0.045752,0.114970
-0.110217,0.063021,0.148580
-0.114646,0.060668,0.167692
-0.115480,0.059417,0.175776
-0.116641,0.058073,0.191552
-0.116789,0.058423,0.193090
-0.115238,0.057185,0.204528
-0.120891,0.056046,0.204019
-0.122366,0.054977,0.207010
-0.101658,0.051345,0.245544
-0.107140,0.052049,0.237653
-0.103291,0.054289,0.245121
-0.101685,0.065204,0.236828
-0.094268,0.066745,0.239953
-0.102330,0.052466,0.250673
-0.102058,0.064927,0.240022
