-0.167195,0.020983,0.125025
-0.158293,0.035964,0.141030
-0.160040,0.035878,0.134339
-0.161173,0.035752,0.118834
-0.157252,0.036954,0.122489
-0.156817,0.038728,0.119287
-0.157272,0.039292,0.114482
-0.156292,0.042220,0.105842
-0.138520,0.049017,0.122283
-0.124142,0.058835,0.132759
-0.122666,0.061088,0.144405
-0.123388,0.061563,0.140642
-0.122689,0.061159,0.139233
-0.123149,0.059350,0.137033
-0.122504,0.059736,0.136033
-0.122494,0.070302,0.128549
-0.111548,0.074729,0.134343
-0.119064,0.059327,0.148601
-0.121267,0.059949,0.146916
-0.117869,0.057869,0.156268
-0.117960,0.058714,0.165934
-0.118804,0.060900,0.170504
-0.167238,0.020741,0.125103
-0.166924,0.019103,0.110576
-0.165598,0.019411,0.099029
-0.165791,0.019099,0.089744
-0.165120,0.018869,0.079852
-0.165335,0.017879,0.071089
-0.164378,0.015995,0.064823
