-0.167195,0.020833,0.124634
-0.158535,0.046825,0.146903
-0.160314,0.047183,0.140447
-0.161236,0.048125,0.121291
-0.162197,0.048255,0.110118
-0.163050,0.046944,0.096700
-0.162483,0.047234,0.094021
-0.161987,0.050038,0.090476
-0.161573,0.051514,0.088213
-0.160235,0.053212,0.086143
-0.157292,0.057513,0.081931
-0.155074,0.061066,0.080472
-0.146271,0.067331,0.099462
-0.126247,0.065813,0.149188
-0.128076,0.064456,0.148450
-0.127493,0.059593,0.167080
-0.130480,0.059924,0.167498
-0.129190,0.061067,0.171576
-0.124187,0.056996,0.191074
-0.126108,0.056090,0.190287
-0.125129,0.054709,0.192143
-0.115263,0.057504,0.210128
-0.116366,0.056560,0.214047
-0.106053,0.054032,0.233311
-0.107296,0.054736,0.232819
-0.102848,0.056410,0.257598
-0.104391,0.057906,0.253417
-0.107346,0.063325,0.251799
-0.106041,0.066127,0.251100
-0.167282,0.021032,0.124661
-0.167064,0.020579,0.111036
-0.166592,0.021989,0.100885
-0.165979,0.022747,0.090449
-0.166032,0.022226,0.080407
-0.156819,0.027613,0.102881
-0.159202,0.027959,0.094956
-0.136007,0.039155,0.119586
-0.135190,0.050222,0.117538
-0.122146,0.059122,0.151552
-0.124297,0.062184,0.149856
-0.121100,0.063252,0.155150
