-0.153011,0.028314,0.148101
-0.147143,0.037839,0.164324
-0.136354,0.044376,0.181137
-0.136320,0.045753,0.179731
-0.122674,0.054882,0.206388
-0.119185,0.055431,0.212554
-0.102623,0.053310,0.240372
-0.100209,0.048449,0.253967
-0.167237,0.020739,0.124929
-0.166640,0.020008,0.109091
-0.166915,0.020146,0.098481
-0.166222,0.020710,0.086953
-0.165488,0.018833,0.074911
-0.165679,0.016826,0.064731
-0.164762,0.015144,0.057689
-0.134289,0.042208,0.116417
-0.141648,0.044364,0.112336
-0.141000,0.047263,0.110007
-0.123494,0.057193,0.137791
-0.122209,0.057896,0.167754
-0.124238,0.059064,0.166303
-0.124496,0.053753,0.199080
-0.123881,0.053241,0.199667
-0.125650,0.053190,0.198433
