-0.167003,0.021228,0.124604
-0.166328,0.022512,0.111296
-0.165626,0.022635,0.099910
-0.156211,0.022135,0.115999
-0.158714,0.021981,0.100125
-0.149474,0.030948,0.129169
-0.148860,0.036746,0.124473
-0.148099,0.038770,0.124712
-0.147981,0.040121,0.123419
-0.142533,0.043978,0.146504
-0.144897,0.046047,0.143563
-0.139358,0.042837,0.158500
-0.140060,0.043973,0.157558
-0.125688,0.056432,0.189460
-0.128298,0.056422,0.187570
-0.126206,0.057511,0.186814
-0.125754,0.058340,0.186528
-0.113874,0.057046,0.216247
-0.114244,0.058198,0.213963
-0.103186,0.055328,0.235768
-0.104258,0.057595,0.232335
-0.108001,0.059539,0.226491
-0.109496,0.059736,0.225568
-0.099541,0.054910,0.257982
-0.099243,0.061408,0.248783
-0.101341,0.066708,0.243216
-0.100346,0.058826,0.259234
-0.099495,0.052657,0.270355
-0.167275,0.020762,0.125254
-0.167703,0.021373,0.113517
-0.167186,0.021486,0.104671
-0.166056,0.022067,0.092742
-0.166039,0.020512,0.082861
-0.164851,0.019085,0.072428
-0.157661,0.019613,0.102356
-0.154119,0.026737,0.138244
-0.153731,0.034491,0.132592
-0.153178,0.036703,0.131356
