-0.167219,0.020943,0.125079
-0.150862,0.048329,0.144911
-0.151514,0.049147,0.138468
-0.152674,0.049240,0.127956
-0.131100,0.056301,0.176769
-0.132506,0.056935,0.173997
-0.129738,0.065273,0.167014
-0.119226,0.070696,0.169590
-0.110690,0.076213,0.166525
-0.113581,0.061711,0.189290
-0.115676,0.065102,0.186769
-0.114996,0.068143,0.182186
-0.116568,0.056796,0.200391
-0.118725,0.068850,0.196955
-0.116411,0.077662,0.196091
-0.106887,0.059059,0.225076
-0.107058,0.058384,0.224987
-0.102290,0.053126,0.240511
-0.167147,0.020970,0.124990
-0.166650,0.019743,0.108806
-0.166238,0.019046,0.098762
-0.165389,0.019511,0.088447
-0.154940,0.030930,0.118349
-0.158233,0.031870,0.113266
-0.153719,0.040214,0.139991
-0.156221,0.042499,0.136997
-0.151865,0.046045,0.131556
-0.138810,0.054461,0.129498
-0.125372,0.065557,0.129187
-0.117243,0.061390,0.169472
-0.119057,0.067579,0.168066
-0.112722,0.054758,0.219508
-0.116141,0.055073,0.216214
-0.116541,0.055438,0.215371
