-0.167301,0.020698,0.125355
-0.167070,0.020532,0.113193
-0.156622,0.034591,0.140443
-0.158305,0.039125,0.130587
-0.157900,0.042666,0.123357
-0.156806,0.044142,0.116508
-0.135077,0.048442,0.132741
-0.140598,0.050547,0.132729
-0.137613,0.057382,0.130713
-0.123146,0.058936,0.153709
-0.126135,0.061653,0.153033
-0.122947,0.057849,0.177720
-0.120300,0.056077,0.204351
-0.121319,0.054492,0.205793
-0.120070,0.054691,0.209501
-0.119127,0.054927,0.213362
-0.111946,0.054709,0.221303
-0.101258,0.053460,0.241811
-0.100524,0.065832,0.234579
-0.101771,0.054655,0.259028
-0.098622,0.046795,0.258867
-0.099774,0.048039,0.257743
-0.099493,0.045010,0.276666
-0.098140,0.042808,0.271195
-0.096537,0.045574,0.277512
-0.095497,0.045194,0.281226
-0.094588,0.045834,0.290614
-0.092184,0.046227,0.295422
-0.167270,0.020983,0.125313
-0.168620,0.019488,0.113621
-0.163053,0.042175,0.113163
-0.162233,0.043241,0.096849
-0.159431,0.046182,0.090211
-0.167255,0.020643,0.125310
