-0.167405,0.020921,0.125485
-0.154187,0.030868,0.138369
-0.156516,0.030591,0.131016
-0.157767,0.031531,0.124424
-0.158146,0.032231,0.118322
-0.148538,0.032560,0.131767
-0.150293,0.048167,0.126098
-0.141003,0.057987,0.123093
-0.123941,0.058318,0.155335
-0.123719,0.057887,0.181861
-0.123989,0.059297,0.182163
-0.121684,0.060488,0.185551
-0.116049,0.055038,0.212493
-0.116803,0.054074,0.214196
-0.116516,0.054618,0.215316
-0.104849,0.058277,0.247745
-0.105999,0.059691,0.243791
-0.098361,0.045069,0.264971
-0.100129,0.046321,0.263704
-0.102393,0.043523,0.270212
-0.102491,0.048779,0.276589
-0.095965,0.051517,0.285466
-0.091658,0.053184,0.288761
