-0.167280,0.021383,0.132695
-0.166467,0.021149,0.112656
-0.165948,0.019663,0.098859
-0.165365,0.015974,0.085684
-0.164969,0.012083,0.074476
-0.164459,0.008399,0.065517
-0.161282,0.029534,0.123377
-0.161447,0.030422,0.115693
-0.161589,0.030426,0.111050
-0.161037,0.031476,0.107183
-0.161030,0.032112,0.104174
-0.159981,0.033062,0.096572
-0.152497,0.037639,0.130465
-0.142803,0.052118,0.163133
-0.127712,0.057217,0.185039
-0.128496,0.059052,0.184605
-0.115373,0.056341,0.212077
-0.167134,0.020644,0.125153
-0.166376,0.021071,0.111467
-0.152415,0.043147,0.140188
-0.154996,0.045232,0.132600
-0.155764,0.047908,0.121960
-0.132199,0.057016,0.153624
-0.133043,0.059031,0.150392
-0.123665,0.058054,0.191136
-0.124656,0.060503,0.189305
-0.121945,0.059397,0.181656
-0.120226,0.063199,0.174780
-0.116561,0.067373,0.174265
-0.113530,0.071335,0.174769
-0.111834,0.074937,0.174914
-0.116767,0.058199,0.200402
-0.117047,0.070792,0.198261
-0.110590,0.072502,0.196386
-0.108672,0.074338,0.192487
-0.110299,0.073464,0.192490
