-0.161480,0.025615,0.140179
-0.162165,0.027693,0.136608
-0.158206,0.030800,0.155254
-0.159001,0.032806,0.152992
-0.158653,0.034877,0.150502
-0.153043,0.035014,0.169026
-0.143100,0.041585,0.194311
-0.127918,0.048814,0.212820
-0.126868,0.049834,0.211934
-0.116537,0.058406,0.208379
-0.114471,0.059156,0.211206
-0.103489,0.054947,0.235628
-0.103842,0.057088,0.233941
-0.103114,0.053886,0.250415
-0.104431,0.055895,0.243795
-0.101241,0.051577,0.258364
-0.102906,0.052730,0.255710
-0.098299,0.044284,0.267661
-0.097777,0.045872,0.268966
-0.099860,0.045177,0.279246
-0.099864,0.046324,0.281765
-0.099028,0.045877,0.288269
-0.096547,0.046875,0.293289
-0.093114,0.048615,0.296331
