-0.167214,0.021078,0.125266
-0.153117,0.036438,0.137896
-0.154203,0.037991,0.130556
-0.155130,0.039308,0.121609
-0.156225,0.038838,0.114353
-0.119888,0.050958,0.110905
-0.166946,0.020996,0.124391
-0.166777,0.019120,0.107482
-0.165846,0.017160,0.092478
-0.165237,0.013339,0.076795
-0.164290,0.008543,0.065008
-0.167481,0.021049,0.125606
-0.166920,0.020839,0.110421
-0.166399,0.020234,0.098672
-0.165757,0.018046,0.084881
-0.164962,0.016415,0.074530
-0.164108,0.015174,0.064786
-0.164741,0.014129,0.057886
