-0.167250,0.020885,0.125029
-0.152404,0.024400,0.121991
-0.150583,0.026294,0.128502
-0.152324,0.027174,0.122085
-0.148510,0.032265,0.135818
-0.145577,0.035465,0.147488
-0.148693,0.036611,0.142864
-0.152823,0.033089,0.143957
-0.149459,0.031709,0.155967
-0.142172,0.039021,0.185118
-0.139749,0.042856,0.183692
-0.126112,0.052531,0.197100
-0.118563,0.056122,0.210415
-0.118733,0.056007,0.212088
-0.103584,0.053953,0.237804
-0.100886,0.051686,0.246418
-0.167155,0.020831,0.125079
-0.162225,0.044192,0.139143
-0.163169,0.044597,0.130725
-0.143252,0.058641,0.161306
-0.143843,0.058493,0.155637
-0.140808,0.060546,0.154891
-0.122206,0.061525,0.203559
-0.121168,0.061605,0.207341
-0.104074,0.055955,0.245550
-0.106514,0.057358,0.242486
-0.108926,0.059435,0.241188
-0.108540,0.061102,0.241462
-0.109393,0.062415,0.241151
-0.107659,0.065667,0.240493
-0.108257,0.067504,0.241675
