-0.167308,0.020791,0.124471
-0.151251,0.035667,0.140470
-0.150705,0.032134,0.127773
-0.149683,0.039731,0.137703
-0.151979,0.038213,0.122678
-0.154278,0.022706,0.118637
-0.139120,0.036322,0.130888
-0.135146,0.045181,0.133035
-0.131947,0.054072,0.136962
-0.116074,0.058637,0.134653
-0.119558,0.061718,0.134161
-0.118204,0.064244,0.131246
-0.119687,0.060385,0.144667
-0.119789,0.057589,0.159780
-0.117160,0.058572,0.160727
-0.167115,0.021273,0.125159
-0.160174,0.016124,0.124193
-0.162313,0.019177,0.114914
-0.156065,0.038691,0.127143
-0.156564,0.042226,0.122711
-0.150382,0.049555,0.118783
-0.124660,0.072888,0.116190
-0.167270,0.020959,0.125189
-0.152509,0.027965,0.141779
-0.153877,0.030311,0.134955
-0.153706,0.032574,0.129257
-0.153395,0.034711,0.124620
-0.153581,0.037171,0.116404
-0.154132,0.038277,0.108685
-0.141512,0.052318,0.147604
