-0.167341,0.020911,0.125118
-0.155061,0.026235,0.144064
-0.156532,0.027562,0.136780
-0.157555,0.028944,0.130013
-0.157425,0.031545,0.115597
-0.157493,0.031138,0.104360
-0.159879,0.027715,0.094226
-0.159030,0.022443,0.111529
-0.159115,0.025400,0.112274
-0.157610,0.027734,0.111341
-0.151212,0.037065,0.131723
-0.133612,0.045480,0.150649
-0.130922,0.053627,0.151149
-0.116255,0.060093,0.176685
-0.116234,0.063598,0.177593
-0.115004,0.054609,0.214578
-0.102228,0.053522,0.240278
-0.106497,0.053946,0.235489
-0.099090,0.047670,0.256715
-0.100750,0.051803,0.249609
-0.098700,0.046415,0.259226
