-0.167272,0.020744,0.124817
-0.159184,0.033981,0.142342
-0.159342,0.036240,0.136402
-0.159783,0.038259,0.129868
-0.157180,0.031732,0.141862
-0.146539,0.044046,0.167982
-0.146991,0.046816,0.165196
-0.139002,0.048169,0.181271
-0.136798,0.052121,0.174346
-0.131439,0.055686,0.169432
-0.121449,0.065334,0.170160
-0.112527,0.070657,0.171827
-0.107372,0.075670,0.174930
-0.114367,0.059334,0.198715
-0.107757,0.069281,0.205657
-0.103229,0.055469,0.244051
-0.103542,0.054626,0.241007
-0.100148,0.048428,0.259505
-0.101523,0.050816,0.252417
-0.102827,0.052030,0.245448
-0.101040,0.049662,0.276333
-0.098596,0.049114,0.281879
-0.096608,0.048852,0.286559
-0.091703,0.050805,0.291148
