-0.167229,0.020746,0.124988
-0.150089,0.034462,0.153530
-0.152331,0.035379,0.145095
-0.153432,0.035704,0.135915
-0.153879,0.036255,0.127358
-0.143894,0.046897,0.144396
-0.136343,0.051413,0.160998
-0.138092,0.052820,0.157565
-0.133961,0.055226,0.163561
-0.112573,0.062199,0.185978
-0.112909,0.061281,0.184976
-0.114982,0.072875,0.186253
-0.110485,0.074648,0.186949
-0.114298,0.055028,0.216560
-0.115964,0.054594,0.217539
-0.115602,0.054936,0.220701
-0.111177,0.054732,0.223984
-0.101382,0.053549,0.240834
-0.106326,0.057122,0.233242
-0.100701,0.052410,0.244964
-0.167191,0.021031,0.125293
-0.150882,0.032910,0.116644
-0.145868,0.040404,0.129916
-0.150016,0.044243,0.110339
-0.115899,0.066877,0.128718
