-0.167288,0.021136,0.125206
-0.146577,0.037183,0.149052
-0.141811,0.043035,0.165998
-0.137656,0.051479,0.180735
-0.139042,0.054310,0.174297
-0.137386,0.056036,0.169233
-0.125511,0.056443,0.194805
-0.123885,0.057217,0.194034
-0.120049,0.056394,0.207301
-0.119561,0.057073,0.210737
-0.118874,0.057090,0.211654
-0.103272,0.055717,0.243131
-0.098183,0.046146,0.260731
-0.105419,0.044304,0.268105
-0.105092,0.044209,0.275555
-0.105487,0.043400,0.281050
-0.103869,0.043831,0.284178
-0.101700,0.044691,0.287189
-0.098045,0.047349,0.289624
-0.167315,0.020996,0.125226
-0.158207,0.029840,0.117502
-0.159582,0.030395,0.107477
-0.149589,0.042803,0.128595
-0.122406,0.060510,0.156929
-0.119419,0.068835,0.184603
-0.110696,0.073717,0.181314
-0.109099,0.075268,0.180314
-0.167356,0.021096,0.125291
-0.150091,0.043408,0.152853
-0.146603,0.053759,0.153164
-0.148163,0.055134,0.143741
-0.134811,0.055021,0.162994
-0.119013,0.058265,0.201080
-0.105954,0.054833,0.231862
-0.108606,0.056278,0.228136
-0.109688,0.057537,0.224425
-0.115244,0.052761,0.218654
-0.115919,0.055656,0.214374
-0.118843,0.067542,0.203357
-0.117644,0.067091,0.203090
-0.121747,0.054523,0.198363
-0.129040,0.058789,0.183124
-0.128663,0.057054,0.180225
-0.138342,0.053623,0.166751
-0.130501,0.056780,0.161489
-0.127684,0.060493,0.164185
-0.112764,0.071962,0.164770
