-0.167346,0.021078,0.125555
-0.166314,0.022058,0.110134
-0.165885,0.020862,0.097138
-0.165370,0.018687,0.084996
-0.164931,0.016609,0.075233
-0.164478,0.014194,0.066772
-0.164536,0.011140,0.060001
-0.158382,0.005052,0.094062
-0.160563,0.011020,0.108936
-0.161991,0.013618,0.105149
-0.160415,0.018048,0.102400
-0.159922,0.019673,0.099828
-0.162375,0.018349,0.101460
-0.162491,0.020006,0.102870
-0.159858,0.022435,0.103780
-0.155215,0.025913,0.118518
-0.136953,0.037857,0.130120
-0.133162,0.047277,0.133477
-0.127075,0.056508,0.137116
-0.119210,0.062819,0.158676
-0.118372,0.064103,0.159471
-0.118890,0.057399,0.188216
-0.121783,0.059346,0.184172
-0.119941,0.072804,0.181537
-0.120977,0.061139,0.194737
-0.122886,0.059343,0.196786
-0.111841,0.054103,0.223661
-0.101435,0.052372,0.243530
-0.101023,0.052109,0.245051
-0.167330,0.020741,0.125259
-0.167002,0.021339,0.111692
-0.165781,0.023117,0.099345
-0.165805,0.022663,0.087709
-0.165512,0.023526,0.078998
