-0.167254,0.021087,0.125391
-0.147347,0.043928,0.163794
-0.121463,0.056357,0.205062
-0.123867,0.056011,0.204219
-0.114202,0.045131,0.243750
-0.114966,0.050361,0.232644
-0.099336,0.045599,0.260457
-0.102201,0.045787,0.265154
-0.103641,0.045258,0.268149
-0.166889,0.021213,0.124443
-0.168998,0.019350,0.112788
-0.166833,0.021558,0.101078
-0.166279,0.020492,0.088484
-0.166380,0.021940,0.080324
-0.164989,0.020965,0.066164
-0.165082,0.019729,0.057429
-0.163804,0.018373,0.046399
-0.167061,0.020949,0.124902
-0.167162,0.018748,0.111859
-0.166127,0.019157,0.101274
-0.165763,0.018306,0.089774
-0.161959,0.025136,0.122966
-0.161810,0.028550,0.119113
-0.157881,0.037842,0.111261
-0.130181,0.053719,0.154793
-0.125650,0.054938,0.195023
-0.128324,0.055531,0.191574
-0.126496,0.054882,0.192760
-0.104080,0.053832,0.236723
-0.106220,0.054313,0.234571
-0.108574,0.054673,0.231819
-0.109979,0.055277,0.230070
-0.099301,0.046921,0.257848
-0.101249,0.049815,0.278758
