-0.165577,0.012463,0.100910
-0.158295,0.020867,0.118083
-0.158904,0.027149,0.126805
-0.158734,0.029075,0.125724
-0.159453,0.029529,0.124757
-0.156276,0.029650,0.151159
-0.157402,0.031095,0.149515
-0.153152,0.035911,0.167812
-0.153224,0.038103,0.168016
-0.135623,0.046889,0.200358
-0.133754,0.048909,0.200762
-0.123656,0.055745,0.199322
-0.122124,0.059656,0.191347
-0.111191,0.054664,0.224127
-0.111629,0.056915,0.220888
-0.110995,0.059129,0.218148
-0.110890,0.060033,0.216955
-0.111171,0.060771,0.215533
-0.103986,0.055112,0.234603
-0.161194,0.022949,0.122653
-0.160772,0.023770,0.115020
-0.160803,0.024508,0.107902
-0.146343,0.046728,0.160248
-0.149967,0.047115,0.157029
-0.129227,0.054897,0.188604
-0.130303,0.056301,0.184002
-0.113330,0.055568,0.217961
-0.103169,0.054236,0.237843
-0.103448,0.056531,0.235079
