-0.167274,0.020726,0.124938
-0.165958,0.021476,0.110497
-0.165472,0.020606,0.096465
-0.164919,0.018414,0.083521
-0.153090,0.016985,0.093673
-0.157833,0.015420,0.089326
-0.156275,0.009844,0.088771
-0.137057,0.023498,0.093900
-0.120692,0.055981,0.120713
-0.113189,0.058452,0.143812
-0.111890,0.062914,0.143730
-0.110181,0.066696,0.146015
-0.114901,0.059659,0.169126
-0.114129,0.063772,0.164776
-0.112957,0.065534,0.162211
-0.117427,0.057820,0.189094
-0.116982,0.054811,0.210583
-0.119967,0.054902,0.210235
-0.120225,0.054254,0.212237
-0.121160,0.053709,0.213549
-0.102003,0.053632,0.240290
