-0.161331,0.026822,0.118054
-0.161369,0.027353,0.109184
-0.162286,0.026568,0.099218
-0.162639,0.023085,0.083999
-0.162325,0.021277,0.077899
-0.161932,0.019934,0.073187
-0.154344,0.011093,0.092933
-0.162093,0.013212,0.099999
-0.161194,0.018084,0.102247
-0.151421,0.026205,0.105247
-0.134345,0.044692,0.115389
-0.126889,0.056729,0.119155
-0.113006,0.059937,0.141696
-0.111244,0.064845,0.143301
-0.114341,0.059701,0.185335
-0.114308,0.062781,0.183542
-0.109504,0.053992,0.228587
-0.100907,0.050045,0.249427
-0.104663,0.053923,0.238302
-0.107045,0.053361,0.236578
-0.098972,0.046247,0.259400
-0.101470,0.050621,0.254074
-0.098617,0.046010,0.266079
-0.097858,0.045823,0.269116
