-0.167306,0.020895,0.125023
-0.166815,0.019537,0.110784
-0.165825,0.018496,0.098461
-0.153530,0.010541,0.100778
-0.158889,0.008635,0.096372
-0.154972,0.011234,0.110677
-0.156468,0.014864,0.112282
-0.154538,0.020446,0.113842
-0.150024,0.029143,0.114998
-0.146516,0.034960,0.117166
-0.133487,0.045137,0.129696
-0.134496,0.048453,0.130753
-0.130666,0.054751,0.126416
-0.128375,0.057940,0.120514
-0.125097,0.056371,0.124021
-0.123123,0.057123,0.134176
-0.121802,0.057820,0.163566
-0.122136,0.058326,0.161084
-0.118669,0.057623,0.185354
-0.109700,0.053960,0.228141
-0.100848,0.050296,0.249434
-0.103907,0.053661,0.240415
-0.106773,0.053670,0.236677
-0.106869,0.062798,0.230997
-0.101371,0.063343,0.229236
-0.103396,0.062373,0.228593
-0.102662,0.070669,0.228551
-0.094631,0.072739,0.230918
-0.102542,0.053823,0.256701
-0.103639,0.054607,0.251769
-0.103867,0.054746,0.248200
-0.098477,0.044989,0.263796
-0.098418,0.043310,0.270357
-0.100601,0.046593,0.277017
