-0.167164,0.020911,0.124971
-0.159202,0.035787,0.139643
-0.160262,0.035239,0.132011
-0.161038,0.034110,0.124643
-0.160742,0.031761,0.115011
-0.160701,0.031605,0.108448
-0.161454,0.030339,0.103654
-0.161335,0.027316,0.093718
-0.161139,0.022590,0.088151
-0.160829,0.022499,0.088633
-0.154891,0.032991,0.124284
-0.150992,0.039380,0.168496
-0.141257,0.040131,0.201957
-0.142212,0.043846,0.195354
-0.137889,0.049343,0.186447
-0.131354,0.054125,0.174984
-0.127252,0.055813,0.187349
-0.126078,0.057912,0.185202
-0.123354,0.062149,0.184386
-0.117559,0.057294,0.207895
-0.118454,0.061209,0.201971
-0.117168,0.058764,0.202658
-0.117473,0.060990,0.200333
-0.167256,0.021077,0.125148
-0.162437,0.038697,0.159427
-0.161951,0.039146,0.153062
-0.162271,0.041216,0.148465
-0.150380,0.039916,0.178159
-0.140430,0.042254,0.201606
-0.141926,0.046286,0.200494
-0.167150,0.021044,0.125165
-0.154043,0.023570,0.124868
-0.154340,0.026380,0.119793
-0.155829,0.034063,0.101781
-0.156198,0.038184,0.099528
-0.156078,0.040737,0.095849
-0.155870,0.044636,0.093142
