-0.167357,0.017926,0.124572
-0.166155,0.019050,0.111269
-0.157617,0.032437,0.142796
-0.148628,0.041551,0.170099
-0.150804,0.043849,0.165958
-0.149870,0.045762,0.161513
-0.147692,0.050131,0.154516
-0.128944,0.056039,0.186596
-0.124612,0.056879,0.190715
-0.120447,0.059274,0.197768
-0.120142,0.059432,0.198343
-0.118466,0.059779,0.204100
-0.117322,0.060153,0.206640
-0.115485,0.060392,0.211056
-0.115507,0.059894,0.211925
-0.104446,0.054466,0.235005
-0.101095,0.050310,0.258369
-0.103656,0.053713,0.248647
-0.105036,0.056099,0.242784
-0.100115,0.050566,0.249494
-0.098586,0.045909,0.260783
-0.099852,0.046639,0.275398
-0.098522,0.044385,0.289012
-0.097081,0.044092,0.294298
-0.167165,0.021119,0.125038
-0.166728,0.020141,0.108621
-0.166032,0.019722,0.096105
-0.165482,0.019310,0.084300
-0.164695,0.018194,0.073587
-0.164277,0.016435,0.063856
-0.164341,0.014257,0.056227
