-0.167268,0.020757,0.125105
-0.150995,0.042876,0.146343
-0.154998,0.043390,0.130858
-0.155300,0.043730,0.118694
-0.148238,0.037897,0.135943
-0.151456,0.038651,0.139915
-0.135388,0.047407,0.158385
-0.115885,0.060643,0.182761
-0.116057,0.065054,0.181964
-0.115001,0.067194,0.181598
-0.112242,0.069159,0.182519
-0.108498,0.070540,0.196053
-0.108409,0.070221,0.199755
-0.112882,0.064033,0.207432
-0.115059,0.063332,0.208135
-0.117735,0.061318,0.208630
-0.119449,0.057037,0.214619
-0.118013,0.054597,0.221705
-0.103668,0.054457,0.239286
-0.102947,0.056109,0.254044
-0.104166,0.058397,0.249379
-0.106506,0.058846,0.243413
-0.105805,0.057706,0.241193
-0.100667,0.049135,0.267124
-0.100783,0.049205,0.268025
-0.098627,0.044651,0.265701
-0.098343,0.045555,0.268885
-0.098604,0.050206,0.291438
-0.167209,0.020961,0.125166
-0.167083,0.019560,0.110820
-0.166566,0.019386,0.100958
-0.165651,0.019454,0.089466
-0.161691,0.026447,0.107106
-0.161639,0.021344,0.087803
