-0.167282,0.020759,0.124808
-0.158222,0.029882,0.135439
-0.161454,0.030940,0.130161
-0.142942,0.041005,0.142217
-0.123785,0.058113,0.152671
-0.124381,0.056721,0.188379
-0.127538,0.055476,0.187284
-0.111991,0.054458,0.221729
-0.102459,0.053223,0.240282
-0.107012,0.053023,0.237246
-0.101150,0.050484,0.259627
-0.101307,0.052053,0.254069
-0.100555,0.049615,0.264761
-0.098421,0.043870,0.268816
-0.098761,0.045613,0.269220
-0.100578,0.049717,0.278074
-0.098369,0.049179,0.284679
-0.096216,0.049170,0.289105
-0.093461,0.050003,0.292725
