-0.167276,0.021232,0.125086
-0.149539,0.039855,0.148278
-0.152532,0.041008,0.140572
-0.153187,0.042422,0.133395
-0.153742,0.043449,0.127188
-0.154236,0.042988,0.121714
-0.126659,0.063906,0.138481
-0.130836,0.066319,0.135918
-0.130578,0.058447,0.158012
-0.123547,0.054425,0.202160
-0.122212,0.053291,0.205029
-0.102826,0.053295,0.240021
-0.105697,0.053594,0.236447
-0.108129,0.053973,0.233790
-0.111073,0.054379,0.232444
-0.112160,0.059619,0.230386
-0.102093,0.062536,0.251439
-0.101411,0.051033,0.247048
-0.167152,0.020897,0.124920
-0.167812,0.018473,0.111025
-0.159224,0.016501,0.100136
-0.159602,0.015711,0.093444
-0.159788,0.014644,0.088929
-0.157572,0.008424,0.114399
-0.157581,0.009082,0.112046
-0.158142,0.010851,0.108220
-0.167260,0.020937,0.125223
-0.167104,0.019535,0.110842
-0.166451,0.019434,0.100299
-0.152598,0.021328,0.117300
-0.154109,0.024226,0.110195
-0.155744,0.037002,0.141353
-0.158015,0.039353,0.140345
-0.129573,0.057617,0.166671
-0.131491,0.059692,0.162499
-0.123970,0.059094,0.172838
-0.118951,0.057214,0.203489
-0.106261,0.054260,0.232461
-0.117261,0.055359,0.211100
-0.113020,0.055550,0.217490
-0.112273,0.055057,0.222399
