-0.167268,0.020798,0.125200
-0.152316,0.045049,0.146249
-0.152887,0.046965,0.138983
-0.144970,0.045874,0.150396
-0.145621,0.052340,0.142964
-0.144354,0.054021,0.139638
-0.119487,0.060516,0.164674
-0.121279,0.064729,0.163611
-0.119921,0.068053,0.163795
-0.116932,0.058815,0.193581
-0.116356,0.061441,0.193142
-0.113925,0.065545,0.190490
-0.120529,0.055833,0.204156
-0.121778,0.054216,0.204332
-0.120879,0.054472,0.207701
-0.119365,0.054915,0.213167
-0.119152,0.054868,0.213612
-0.103551,0.056194,0.237874
-0.105550,0.057092,0.233793
-0.102481,0.053527,0.248297
-0.100507,0.049567,0.260543
-0.100538,0.048621,0.261666
-0.100298,0.047113,0.267799
-0.100343,0.047304,0.270663
-0.100403,0.046883,0.272082
-0.100227,0.047846,0.270611
-0.099841,0.050268,0.280137
