-0.167229,0.021114,0.124697
-0.154602,0.047058,0.150605
-0.149670,0.044846,0.167959
-0.132221,0.052134,0.192446
-0.117659,0.056009,0.210665
-0.115770,0.056728,0.213273
-0.103754,0.054237,0.236346
-0.104701,0.056659,0.233631
-0.104092,0.055796,0.243122
-0.098043,0.045469,0.262531
-0.102740,0.055427,0.267738
-0.100680,0.051284,0.278007
-0.098895,0.049735,0.280556
-0.097023,0.048501,0.286665
-0.159158,0.021752,0.117214
-0.159747,0.023020,0.109714
-0.159912,0.024047,0.103687
-0.151267,0.046555,0.141022
-0.128569,0.063217,0.181408
-0.129279,0.064928,0.180708
-0.111995,0.054797,0.223956
-0.112630,0.055020,0.222180
-0.113555,0.055651,0.220411
-0.101353,0.052175,0.244450
-0.100662,0.049540,0.263133
-0.102104,0.051766,0.261150
