-0.167118,0.020833,0.125019
-0.158552,0.052228,0.148252
-0.160030,0.052282,0.138871
-0.145180,0.067945,0.140565
-0.141720,0.071529,0.135237
-0.140115,0.072998,0.132305
-0.138912,0.073689,0.130959
-0.127613,0.067110,0.173802
-0.128911,0.067016,0.173763
-0.124720,0.059508,0.192675
-0.125917,0.058122,0.191992
-0.125072,0.056720,0.195405
-0.115274,0.056663,0.209148
-0.115261,0.055989,0.215058
-0.115650,0.056018,0.216098
-0.100241,0.055951,0.238448
-0.102208,0.056568,0.236159
-0.107799,0.056716,0.235299
-0.102831,0.055560,0.260134
-0.103495,0.057072,0.257870
-0.105262,0.058444,0.254177
-0.105604,0.058534,0.253609
-0.101146,0.049550,0.260739
-0.101603,0.049826,0.261322
-0.102707,0.051144,0.264062
-0.102251,0.050924,0.274952
-0.100563,0.052519,0.275815
-0.160557,0.022909,0.113332
-0.160778,0.023590,0.106322
-0.160856,0.024776,0.100529
-0.150724,0.040851,0.132322
-0.152616,0.043185,0.127693
-0.153453,0.045012,0.123819
-0.154478,0.045520,0.119765
-0.151976,0.048628,0.112715
-0.123854,0.058460,0.155767
-0.126503,0.060969,0.155550
-0.120735,0.058056,0.185984
-0.123983,0.059045,0.186429
-0.111149,0.054503,0.224615
-0.101226,0.051797,0.245472
-0.099113,0.047299,0.257454
