-0.167222,0.020746,0.125250
-0.151245,0.039298,0.150298
-0.153508,0.041771,0.143058
-0.154502,0.043926,0.137284
-0.155102,0.046099,0.126384
-0.156166,0.045529,0.122293
-0.150049,0.035809,0.129515
-0.155803,0.037244,0.137606
-0.143174,0.047257,0.159091
-0.140285,0.053657,0.157102
-0.136732,0.056316,0.152307
-0.134117,0.057539,0.150230
-0.111377,0.094857,0.212137
-0.167144,0.020827,0.125154
-0.166925,0.020856,0.111627
-0.165844,0.023185,0.099492
-0.166339,0.023005,0.089174
-0.165684,0.023727,0.078239
-0.165162,0.022678,0.059042
-0.164476,0.021197,0.052394
-0.143892,0.041897,0.118614
-0.149528,0.043008,0.114879
-0.140151,0.059071,0.152979
-0.141506,0.064243,0.147270
-0.139688,0.066660,0.141676
-0.136161,0.068247,0.138916
-0.134037,0.069686,0.139225
-0.128301,0.068301,0.183211
-0.167010,0.020985,0.124523
-0.167437,0.020710,0.112115
-0.166601,0.021974,0.101405
-0.166219,0.022447,0.089930
-0.166118,0.023449,0.079902
-0.164876,0.020717,0.062080
-0.164550,0.018854,0.054141
-0.165601,0.019573,0.050676
