-0.163268,0.025214,0.121658
-0.152353,0.036453,0.146146
-0.154350,0.037673,0.141808
-0.154342,0.039633,0.137617
-0.147343,0.047992,0.168126
-0.148966,0.049551,0.165244
-0.144086,0.054824,0.156794
-0.139582,0.056584,0.153263
-0.136887,0.057287,0.157795
-0.126653,0.056333,0.190657
-0.126727,0.056152,0.189069
-0.123793,0.057666,0.193306
-0.122942,0.058094,0.195560
-0.122159,0.058493,0.197489
-0.120973,0.058962,0.199495
-0.118832,0.058918,0.205439
-0.102824,0.070728,0.244633
-0.102012,0.056778,0.266682
-0.103727,0.063799,0.255330
-0.105230,0.064037,0.253866
-0.101772,0.057564,0.270491
-0.104289,0.059681,0.260299
-0.104994,0.058496,0.253607
-0.104559,0.057233,0.254034
-0.104331,0.056730,0.254987
-0.100282,0.045942,0.264849
-0.101064,0.048107,0.269576
