-0.167302,0.020926,0.125389
-0.155097,0.041188,0.145691
-0.154436,0.044910,0.140621
-0.154926,0.045980,0.134115
-0.155347,0.046680,0.128928
-0.151629,0.050896,0.122017
-0.151779,0.051524,0.117520
-0.127309,0.053001,0.126940
-0.125796,0.065957,0.128664
-0.121626,0.060265,0.154150
-0.121102,0.062060,0.158268
-0.123420,0.061813,0.164219
-0.124434,0.056188,0.192285
-0.127333,0.054686,0.191734
-0.111871,0.054311,0.223172
-0.113395,0.054591,0.221644
-0.102216,0.056695,0.239067
-0.102276,0.057460,0.236548
-0.103346,0.054695,0.266334
-0.101664,0.060211,0.259789
-0.101249,0.053128,0.274437
