-0.167270,0.020940,0.125215
-0.151888,0.040786,0.162757
-0.137529,0.048637,0.191022
-0.112573,0.055133,0.220952
-0.113743,0.055291,0.218664
-0.113941,0.066252,0.214918
-0.107318,0.070633,0.223973
-0.106210,0.072202,0.218536
-0.105464,0.071678,0.216391
-0.101576,0.052182,0.243814
-0.098988,0.046130,0.259548
-0.098754,0.044443,0.266175
-0.167214,0.020937,0.125113
-0.167313,0.019306,0.110426
-0.166045,0.021146,0.098924
-0.166599,0.021035,0.090587
-0.165548,0.021336,0.080287
-0.167586,0.032454,0.108422
-0.167275,0.033676,0.097271
-0.168905,0.046437,0.120726
-0.168659,0.047546,0.117978
-0.162280,0.053826,0.154180
-0.164716,0.053945,0.152331
-0.161646,0.064158,0.185899
-0.160213,0.068231,0.185297
-0.167283,0.020974,0.125355
-0.156269,0.051308,0.156952
-0.158680,0.053221,0.145033
-0.157479,0.054825,0.138762
-0.157212,0.057025,0.126490
-0.153606,0.059297,0.121637
-0.131671,0.069291,0.153074
-0.115626,0.063313,0.207777
-0.115585,0.060792,0.213248
-0.114072,0.059947,0.216641
-0.113903,0.059109,0.216701
-0.109335,0.056167,0.223724
-0.117133,0.060608,0.215687
-0.110066,0.070556,0.221796
-0.108833,0.069351,0.226923
-0.105363,0.060741,0.253284
-0.105096,0.057695,0.250960
-0.105656,0.057618,0.248919
-0.102484,0.051708,0.261392
-0.101039,0.048218,0.270724
-0.101205,0.046583,0.277704
