-0.167214,0.021099,0.124917
-0.151852,0.035408,0.153092
-0.147547,0.043421,0.161759
-0.149825,0.044502,0.157695
-0.151093,0.046114,0.150874
-0.152016,0.046814,0.146296
-0.151855,0.047426,0.140270
-0.146425,0.043985,0.160782
-0.127660,0.055580,0.173371
-0.126697,0.059365,0.171646
-0.124093,0.063129,0.171065
-0.116198,0.070357,0.169298
-0.111198,0.075744,0.172530
-0.109746,0.073520,0.185104
-0.113842,0.054612,0.217313
-0.105413,0.054105,0.234202
-0.101583,0.050870,0.247417
-0.167176,0.020962,0.125117
-0.167740,0.021207,0.112824
-0.166699,0.022357,0.102496
-0.165802,0.021992,0.090843
-0.165221,0.021228,0.079416
-0.165297,0.019664,0.070206
-0.164342,0.017661,0.061806
-0.164825,0.015447,0.055785
-0.158126,0.023972,0.090315
-0.139952,0.038517,0.122499
-0.146751,0.039720,0.120010
-0.125416,0.057459,0.164634
-0.129786,0.058088,0.162302
-0.117331,0.054955,0.211311
