-0.167137,0.020867,0.124712
-0.152067,0.029962,0.152694
-0.153719,0.030785,0.145078
-0.154755,0.031140,0.137499
-0.154916,0.031676,0.129655
-0.155222,0.031600,0.123000
-0.156002,0.026064,0.094763
-0.152032,0.023937,0.117412
-0.150794,0.035641,0.146476
-0.146054,0.038343,0.164228
-0.140642,0.039224,0.190928
-0.129534,0.045731,0.215566
-0.124001,0.051142,0.213126
-0.122014,0.053663,0.212506
-0.119999,0.056136,0.211695
-0.111703,0.054153,0.224230
-0.100795,0.053002,0.243619
-0.100180,0.050865,0.249018
-0.100856,0.052691,0.245938
-0.102193,0.056407,0.239386
-0.098612,0.048268,0.255782
-0.099890,0.046505,0.265179
-0.099408,0.045783,0.268067
-0.098951,0.046935,0.270725
-0.099524,0.048087,0.273450
-0.097205,0.045498,0.278014
-0.096095,0.045749,0.283887
-0.094416,0.045206,0.290522
-0.092143,0.046187,0.295196
-0.089647,0.046447,0.297797
-0.167197,0.020999,0.125038
-0.167585,0.022271,0.111556
-0.154849,0.040027,0.135416
-0.155361,0.044405,0.124245
-0.151248,0.047246,0.118907
-0.147234,0.053282,0.116544
-0.123351,0.063326,0.154447
-0.126576,0.066143,0.153415
-0.121474,0.056420,0.196714
-0.103118,0.054228,0.237903
-0.100765,0.048532,0.265913
-0.104326,0.054087,0.255996
-0.106186,0.056233,0.250817
-0.101294,0.057545,0.266829
