-0.167329,0.020763,0.125400
-0.151246,0.035848,0.135618
-0.154163,0.035840,0.128042
-0.154801,0.036574,0.121190
-0.155114,0.036664,0.115116
-0.153452,0.041209,0.136037
-0.156907,0.036567,0.124160
-0.143689,0.037642,0.128835
-0.117036,0.059549,0.130257
-0.117184,0.066481,0.130284
-0.118730,0.060952,0.157924
-0.118699,0.056655,0.199028
-0.129094,0.055196,0.180867
-0.128896,0.053109,0.180216
-0.127960,0.056799,0.183942
-0.122120,0.057127,0.196657
-0.122044,0.057157,0.195861
-0.167142,0.020886,0.124872
-0.166884,0.018731,0.109353
-0.166405,0.017882,0.098084
-0.165722,0.017116,0.087317
-0.165443,0.014609,0.076849
-0.164450,0.012438,0.069106
-0.163599,0.009385,0.060988
-0.167197,0.020820,0.124827
-0.153226,0.031430,0.132588
-0.155224,0.033768,0.125285
-0.142063,0.050785,0.143405
-0.146053,0.050952,0.133550
-0.145971,0.051269,0.128389
