-0.167283,0.020780,0.125312
-0.150647,0.047507,0.147667
-0.136543,0.053925,0.169590
-0.124695,0.055974,0.195056
-0.116243,0.055969,0.212778
-0.100156,0.050707,0.249129
-0.102169,0.053625,0.243075
-0.103479,0.055657,0.238547
-0.098079,0.047765,0.256856
-0.101765,0.050188,0.258467
-0.102202,0.048894,0.261621
-0.101724,0.046337,0.267774
-0.099988,0.046883,0.273592
-0.103144,0.046315,0.281504
-0.096833,0.050094,0.284682
-0.100548,0.052317,0.284333
-0.167307,0.020954,0.125189
-0.155833,0.011466,0.115496
-0.156170,0.011962,0.106529
-0.157095,0.011578,0.098140
-0.166259,0.003022,0.097606
-0.165514,0.005612,0.097942
-0.165307,0.009743,0.099310
-0.164755,0.012536,0.098929
-0.136512,0.043552,0.130637
-0.125788,0.056371,0.158615
-0.125201,0.056675,0.179005
-0.124791,0.058083,0.177142
