-0.167191,0.020639,0.125075
-0.151514,0.033258,0.141992
-0.153628,0.034358,0.134546
-0.154776,0.035296,0.126350
-0.155571,0.036228,0.120713
-0.155709,0.036587,0.116102
-0.156640,0.036180,0.105850
-0.157013,0.036446,0.103500
-0.153145,0.040799,0.129729
-0.154509,0.041919,0.127888
-0.154314,0.042073,0.126095
-0.154657,0.040577,0.116771
-0.152482,0.041516,0.127311
-0.143563,0.057248,0.155761
-0.135606,0.064022,0.156710
-0.130794,0.069516,0.153385
-0.127456,0.073270,0.148977
-0.122829,0.060406,0.181143
-0.123983,0.058286,0.182924
-0.124857,0.057526,0.185241
-0.125841,0.056001,0.190184
-0.112033,0.053847,0.223835
-0.114996,0.053811,0.220382
-0.167307,0.021118,0.125441
-0.166706,0.020020,0.110611
-0.166412,0.021259,0.099416
-0.165911,0.020619,0.087206
-0.138830,0.036612,0.107391
-0.167354,0.021221,0.124812
-0.156502,0.041439,0.155793
-0.157430,0.043039,0.145338
-0.157295,0.043910,0.140931
-0.156633,0.044617,0.139072
-0.155711,0.045329,0.132773
-0.155846,0.045457,0.129121
-0.154605,0.046634,0.123646
-0.154282,0.050743,0.160982
-0.153992,0.051082,0.155627
-0.133899,0.055631,0.171798
-0.136100,0.056466,0.166624
-0.135721,0.057286,0.162660
-0.134375,0.057973,0.163750
