-0.166820,0.020707,0.124000
-0.156044,0.049060,0.130554
-0.156922,0.050017,0.123810
-0.157903,0.049220,0.113139
-0.156533,0.049588,0.107295
-0.133446,0.056642,0.126674
-0.123688,0.063281,0.139171
-0.123821,0.061182,0.146001
-0.127924,0.061454,0.143537
-0.124602,0.060598,0.146869
-0.121294,0.058372,0.169812
-0.122667,0.059305,0.167891
-0.121916,0.059762,0.167411
-0.121073,0.063291,0.167921
-0.116946,0.075217,0.167830
-0.114443,0.075131,0.168043
-0.114212,0.074063,0.167078
-0.124208,0.062924,0.174351
-0.124832,0.061727,0.174954
-0.167039,0.021098,0.125319
-0.159355,0.013268,0.106987
-0.159288,0.014803,0.093872
-0.159417,0.016115,0.086739
-0.153129,0.026170,0.108664
-0.156787,0.027779,0.101250
-0.148649,0.039101,0.136175
-0.150812,0.041143,0.132517
-0.148879,0.042545,0.126677
-0.148546,0.043924,0.124397
-0.146769,0.052292,0.130851
-0.113201,0.069847,0.145621
-0.114993,0.061133,0.175064
-0.115154,0.065963,0.173499
-0.167188,0.021103,0.125322
-0.166442,0.021071,0.110346
-0.165676,0.021096,0.096761
-0.165852,0.020195,0.084615
-0.159143,0.027306,0.107449
-0.152224,0.039770,0.134099
-0.124432,0.056303,0.154164
-0.123201,0.064736,0.153455
-0.115066,0.059179,0.191820
-0.115994,0.071445,0.186124
-0.112710,0.055615,0.217418
-0.115360,0.056127,0.215116
-0.116795,0.064012,0.200779
-0.123235,0.055715,0.195606
-0.126872,0.053677,0.188401
-0.126848,0.054690,0.186769
-0.127757,0.056871,0.181633
-0.127913,0.057348,0.179361
-0.128739,0.057425,0.179123
-0.132025,0.055608,0.174701
-0.132543,0.054577,0.168784
-0.132615,0.056028,0.162938
