-0.167080,0.020999,0.127163
-0.166845,0.022633,0.115766
-0.166046,0.022177,0.105006
-0.165527,0.019734,0.091066
-0.165257,0.017472,0.081616
-0.158680,0.015942,0.099822
-0.160737,0.014887,0.093720
-0.160736,0.013401,0.088598
-0.150722,0.012362,0.098241
-0.158112,0.021859,0.102268
-0.155027,0.022793,0.117661
-0.150219,0.031141,0.136586
-0.147057,0.035677,0.149802
-0.147098,0.036807,0.147880
-0.140414,0.043367,0.155502
-0.134871,0.051889,0.154802
-0.135104,0.053461,0.153883
-0.133060,0.052135,0.161811
-0.134085,0.053787,0.157142
-0.116595,0.065887,0.158408
-0.112656,0.050940,0.228985
-0.104056,0.048691,0.247915
-0.107117,0.050088,0.241419
-0.108729,0.049196,0.238912
-0.167402,0.020994,0.125510
-0.165095,0.047851,0.112737
-0.164918,0.047171,0.107242
-0.164552,0.046982,0.102418
-0.151811,0.054944,0.145803
-0.153136,0.056486,0.143138
-0.151509,0.057561,0.143760
