-0.167241,0.020449,0.125202
-0.150656,0.031155,0.155964
-0.152728,0.032417,0.148285
-0.154406,0.033117,0.140463
-0.155760,0.033195,0.133024
-0.156523,0.033564,0.126210
-0.156645,0.033905,0.117453
-0.156871,0.031135,0.101170
-0.157260,0.027516,0.093740
-0.157276,0.026124,0.091583
-0.153967,0.022321,0.114489
-0.157018,0.023077,0.109777
-0.159319,0.025641,0.112688
-0.147824,0.035869,0.139103
-0.145499,0.041757,0.140437
-0.139240,0.045965,0.162461
-0.138975,0.046910,0.160838
-0.132786,0.054514,0.167605
-0.130821,0.056201,0.168634
-0.130507,0.057147,0.168862
-0.123696,0.056577,0.198050
-0.108952,0.054594,0.228622
-0.113613,0.055912,0.221288
-0.101707,0.051021,0.247152
-0.102270,0.053465,0.243114
-0.100796,0.050091,0.250719
-0.167234,0.021028,0.124835
-0.167489,0.019755,0.111583
-0.166080,0.020656,0.100752
-0.165548,0.020340,0.088744
-0.165096,0.019838,0.078349
-0.165377,0.018750,0.068993
