-0.166894,0.021065,0.124123
-0.149588,0.035089,0.151286
-0.150883,0.037626,0.145169
-0.149985,0.041932,0.136434
-0.150044,0.042902,0.131168
-0.149292,0.048231,0.128758
-0.143198,0.047828,0.175069
-0.111973,0.054120,0.224069
-0.112718,0.054915,0.222120
-0.113075,0.055821,0.221602
-0.098564,0.045473,0.262284
-0.099483,0.047620,0.264935
-0.100744,0.047960,0.268705
-0.167233,0.021015,0.125411
-0.168072,0.002510,0.103510
-0.165344,0.005721,0.096642
-0.164798,0.007428,0.093504
-0.163895,0.010028,0.090319
-0.167156,0.021225,0.125424
-0.167011,0.019672,0.110646
-0.154251,0.033634,0.142628
-0.157055,0.036673,0.130968
-0.156019,0.038658,0.124933
-0.135794,0.055745,0.157601
-0.122124,0.062477,0.190757
-0.112933,0.075372,0.193765
-0.110705,0.075211,0.193083
-0.110853,0.074002,0.196310
-0.108904,0.063242,0.236049
-0.109188,0.063619,0.234837
-0.111755,0.060315,0.231860
-0.098991,0.044764,0.264309
