-0.167252,0.020791,0.125063
-0.148050,0.029473,0.143901
-0.148917,0.030246,0.137406
-0.158370,0.033421,0.137521
-0.159506,0.034491,0.133147
-0.158443,0.037558,0.130907
-0.140323,0.041562,0.144408
-0.141147,0.051205,0.146618
-0.138982,0.055518,0.145176
-0.123729,0.058321,0.147588
-0.127824,0.059011,0.144251
-0.123357,0.057806,0.153287
-0.120664,0.058082,0.164597
-0.121743,0.057569,0.176591
-0.115746,0.057575,0.199421
-0.103937,0.054188,0.237402
-0.099375,0.048082,0.254955
-0.098363,0.045928,0.260600
-0.098965,0.045076,0.268816
-0.098670,0.045581,0.272847
-0.096672,0.045064,0.278822
-0.096183,0.043890,0.283938
-0.093951,0.044755,0.289895
