-0.160608,0.023347,0.112761
-0.154634,0.039628,0.138704
-0.155903,0.040861,0.136002
-0.143707,0.048331,0.167441
-0.145208,0.050587,0.165057
-0.128432,0.057037,0.178595
-0.115541,0.055643,0.215179
-0.115400,0.056506,0.214403
-0.112899,0.056185,0.219645
-0.167184,0.021100,0.124890
-0.168026,0.018818,0.109724
-0.166190,0.017842,0.093391
-0.159708,0.007460,0.093334
-0.159813,0.005959,0.084474
-0.167285,0.021509,0.125365
-0.166748,0.022045,0.111143
-0.166190,0.022610,0.097950
-0.166225,0.019827,0.085423
-0.165007,0.017658,0.074625
-0.164347,0.016536,0.065613
-0.154607,0.035695,0.098213
-0.158955,0.015624,0.089067
-0.162102,0.011765,0.086338
-0.162047,0.013966,0.090420
-0.156801,0.033761,0.125228
-0.155745,0.036712,0.118400
-0.149547,0.040069,0.116412
-0.119590,0.059734,0.143324
-0.121540,0.064591,0.138293
-0.116092,0.060157,0.176610
-0.116232,0.064196,0.177415
-0.112666,0.078412,0.169759
-0.119871,0.055023,0.204019
-0.122399,0.053406,0.205246
-0.124812,0.055308,0.191760
-0.126945,0.056085,0.187532
-0.127017,0.056402,0.181495
