-0.167318,0.020705,0.125172
-0.153352,0.028391,0.148290
-0.154586,0.030118,0.140795
-0.155532,0.030769,0.132072
-0.156528,0.031600,0.116695
-0.157182,0.031262,0.105796
-0.157801,0.029642,0.096990
-0.158292,0.029578,0.091070
-0.153769,0.034879,0.104819
-0.122764,0.059804,0.134500
-0.125273,0.061090,0.131980
-0.123479,0.057810,0.137328
-0.121957,0.058844,0.128423
-0.116437,0.056806,0.133254
-0.118814,0.058849,0.133747
-0.118062,0.057433,0.146434
-0.117356,0.057858,0.155246
-0.118088,0.059447,0.154151
-0.118987,0.061107,0.165746
-0.120215,0.062546,0.160903
-0.120589,0.062759,0.159099
-0.116544,0.057872,0.193826
-0.114720,0.057622,0.203334
-0.116652,0.061275,0.187171
-0.116771,0.063220,0.183200
-0.167310,0.020940,0.125454
-0.168071,0.019264,0.112700
-0.166443,0.021183,0.101187
-0.165104,0.037363,0.121803
-0.165202,0.037656,0.112540
-0.164868,0.047583,0.135854
-0.151589,0.039129,0.176117
-0.147185,0.034885,0.178139
-0.146294,0.037901,0.172176
-0.167308,0.021312,0.125449
-0.166581,0.021449,0.108915
-0.166495,0.019947,0.098204
-0.165163,0.019337,0.084289
-0.164634,0.014072,0.066722
-0.164811,0.012716,0.058227
-0.131082,0.046916,0.132506
-0.123430,0.057436,0.147988
-0.122699,0.057527,0.172514
-0.122905,0.059008,0.170456
-0.120870,0.061221,0.164895
