-0.167249,0.020783,0.124899
-0.166924,0.020021,0.111246
-0.165807,0.020060,0.096830
-0.165744,0.017528,0.084466
-0.165502,0.015486,0.072746
-0.164575,0.013002,0.062999
-0.163059,0.007346,0.099506
-0.154936,0.017538,0.105571
-0.135807,0.041696,0.130862
-0.131367,0.054028,0.129346
-0.128795,0.059761,0.128571
-0.117323,0.059870,0.160587
-0.120969,0.062669,0.157843
-0.121937,0.057604,0.171425
-0.116762,0.054664,0.210844
-0.118438,0.054744,0.212081
-0.119293,0.054938,0.212000
-0.109589,0.057836,0.223138
-0.101829,0.053594,0.240510
-0.100905,0.051417,0.246455
-0.102490,0.055178,0.256096
-0.102823,0.057520,0.248329
-0.099120,0.046778,0.262036
-0.100853,0.049782,0.259904
-0.100749,0.048694,0.270903
-0.098402,0.046976,0.267666
-0.099064,0.046992,0.272131
-0.097868,0.045909,0.279538
-0.095477,0.045188,0.291235
