-0.167125,0.021082,0.125205
-0.166418,0.021532,0.111391
-0.153677,0.031197,0.124424
-0.156699,0.031090,0.118109
-0.156862,0.031790,0.112671
-0.157821,0.031606,0.104663
-0.158318,0.031011,0.101219
-0.161396,0.030908,0.087874
-0.125497,0.053921,0.123791
-0.121005,0.057670,0.142906
-0.119210,0.058822,0.152261
-0.121503,0.057444,0.171461
-0.122078,0.057610,0.170742
-0.117436,0.057636,0.192676
-0.120166,0.058037,0.191487
-0.119486,0.059724,0.206389
-0.120883,0.058263,0.206728
-0.120938,0.056022,0.212804
-0.120244,0.055628,0.215732
-0.107061,0.066551,0.246635
-0.104813,0.068727,0.242696
-0.104911,0.069484,0.240373
-0.103673,0.062043,0.259209
-0.167236,0.020862,0.125111
-0.166670,0.019784,0.109145
-0.159385,0.041195,0.125687
-0.143494,0.058343,0.148783
-0.141400,0.059309,0.144365
-0.122290,0.063013,0.177567
-0.122021,0.051920,0.215628
-0.099666,0.048163,0.254934
-0.099265,0.046380,0.263220
-0.100571,0.048073,0.259604
-0.101471,0.062057,0.252854
-0.097251,0.062156,0.256599
