-0.167178,0.020827,0.124840
-0.166405,0.021047,0.110966
-0.165813,0.020253,0.098847
-0.165112,0.018924,0.087510
-0.164528,0.016675,0.076584
-0.163681,0.013904,0.066711
-0.163354,0.010959,0.058389
-0.153163,0.006125,0.093451
-0.150615,0.018070,0.108311
-0.152131,0.023876,0.106403
-0.132582,0.045391,0.125931
-0.135305,0.048111,0.121488
-0.130181,0.054504,0.121770
-0.129380,0.055830,0.117478
-0.124609,0.057789,0.130653
-0.123484,0.057383,0.152778
-0.122648,0.057320,0.177497
-0.123243,0.057783,0.176913
-0.116068,0.054370,0.213132
-0.101541,0.052511,0.243480
-0.099818,0.048714,0.253421
-0.098391,0.044010,0.268630
-0.098500,0.045260,0.274764
-0.097523,0.044745,0.279575
-0.098799,0.043789,0.284724
-0.098207,0.042474,0.286616
-0.098473,0.041940,0.287968
-0.096129,0.043238,0.289379
-0.094043,0.043459,0.290865
-0.092137,0.043900,0.292239
-0.089027,0.045017,0.294263
-0.085850,0.047809,0.296676
-0.167263,0.021099,0.125231
-0.166995,0.020050,0.111342
-0.166163,0.021018,0.099746
-0.165246,0.020490,0.086156
-0.165388,0.018298,0.073894
-0.165059,0.015226,0.063811
-0.164796,0.013134,0.055440
-0.157203,0.000564,0.083392
-0.161676,-0.000506,0.093995
-0.162793,0.000947,0.091962
-0.151077,0.026755,0.143693
