-0.167259,0.020332,0.125073
-0.153648,0.042958,0.141368
-0.145657,0.044419,0.177208
-0.128463,0.048804,0.212869
-0.125320,0.058366,0.237057
-0.107007,0.056731,0.257251
-0.107785,0.057574,0.254485
-0.108358,0.058672,0.250725
-0.107347,0.058686,0.248951
-0.106465,0.060703,0.240830
-0.105135,0.043698,0.258157
-0.120571,0.035085,0.263768
-0.167367,0.020927,0.125353
-0.167151,0.021028,0.125217
-0.166289,0.021830,0.109344
-0.165917,0.022685,0.097032
-0.165258,0.022212,0.086236
-0.164657,0.021162,0.075910
-0.164497,0.020234,0.067110
-0.156962,0.028901,0.105033
-0.157488,0.034027,0.098865
