-0.167265,0.020925,0.125123
-0.152838,0.023501,0.126545
-0.154403,0.024505,0.119670
-0.149736,0.031205,0.129749
-0.148698,0.039360,0.148132
-0.151367,0.040028,0.143917
-0.136893,0.044906,0.171614
-0.136625,0.046117,0.168958
-0.123908,0.056482,0.197511
-0.124926,0.056541,0.196713
-0.121792,0.058332,0.196225
-0.121331,0.058942,0.197473
-0.116235,0.055960,0.214639
-0.116205,0.056305,0.214500
-0.101329,0.053117,0.249115
-0.100528,0.050332,0.260360
-0.102175,0.052253,0.256586
-0.103316,0.053593,0.253895
-0.104043,0.054722,0.253880
-0.104752,0.053984,0.256265
-0.098451,0.045317,0.264157
-0.097332,0.046554,0.268674
-0.097651,0.047249,0.274243
-0.096769,0.047048,0.277180
-0.098842,0.045860,0.282771
-0.097882,0.046750,0.286176
-0.093003,0.059100,0.290711
