-0.167218,0.021423,0.124900
-0.159983,0.031828,0.139816
-0.160863,0.032688,0.132891
-0.159485,0.035214,0.127557
-0.153909,0.032030,0.140061
-0.151724,0.034485,0.148866
-0.136684,0.045811,0.156961
-0.133990,0.051614,0.156977
-0.118104,0.062210,0.177839
-0.119893,0.065799,0.175568
-0.114249,0.069922,0.175765
-0.116827,0.058254,0.191965
-0.118098,0.059922,0.190822
-0.121689,0.060124,0.189416
-0.124547,0.058800,0.190166
-0.125492,0.057528,0.191286
-0.126127,0.057135,0.191291
-0.117347,0.053442,0.214579
-0.118780,0.054681,0.211375
-0.117581,0.054481,0.214433
-0.101883,0.053730,0.240460
-0.107066,0.053742,0.236292
-0.100403,0.050421,0.250096
-0.102012,0.053444,0.257015
-0.102562,0.054354,0.253521
-0.101143,0.053996,0.248396
-0.101496,0.054795,0.259662
-0.102579,0.055540,0.258893
-0.100297,0.049071,0.267825
-0.097627,0.049958,0.271536
-0.096071,0.049445,0.276794
-0.093878,0.049606,0.283740
-0.095982,0.050135,0.287839
