-0.167274,0.020648,0.124948
-0.153804,0.032718,0.149585
-0.157426,0.035349,0.136657
-0.157715,0.036162,0.129348
-0.157476,0.036719,0.123067
-0.144976,0.043182,0.139386
-0.148092,0.044094,0.127656
-0.154892,0.024228,0.117090
-0.157287,0.024607,0.114872
-0.151718,0.038922,0.156223
-0.127734,0.056156,0.186276
-0.126404,0.057489,0.186237
-0.122939,0.056781,0.195508
-0.123327,0.057030,0.192769
-0.123514,0.058762,0.190896
-0.121455,0.061893,0.192212
-0.112009,0.060104,0.215511
-0.112853,0.061889,0.214739
-0.100752,0.050278,0.250251
-0.102324,0.055918,0.239509
-0.098947,0.049693,0.257810
-0.099944,0.050732,0.256329
