-0.167170,0.020737,0.125090
-0.152880,0.034620,0.158439
-0.147535,0.031765,0.198838
-0.146028,0.047907,0.192233
-0.144431,0.053226,0.192927
-0.142526,0.055609,0.196382
-0.140685,0.040404,0.218570
-0.138712,0.041524,0.216971
-0.167052,0.021485,0.125239
-0.168421,0.017344,0.111808
-0.166662,0.017261,0.099536
-0.165990,0.015453,0.085910
-0.167146,0.020946,0.124841
-0.156255,0.023520,0.132937
-0.151550,0.044805,0.159172
-0.155012,0.047630,0.158792
-0.141515,0.063015,0.179956
-0.125706,0.072276,0.209824
-0.122778,0.074409,0.209803
-0.120352,0.076757,0.211393
-0.118442,0.079720,0.212877
-0.111030,0.063942,0.234369
-0.110819,0.065095,0.235593
