-0.167426,0.020867,0.124892
-0.157368,0.028686,0.140845
-0.159284,0.029609,0.134679
-0.159865,0.031078,0.129379
-0.159475,0.031996,0.123917
-0.152136,0.039732,0.141380
-0.145613,0.046120,0.167430
-0.148218,0.048234,0.163428
-0.128550,0.056718,0.181340
-0.128988,0.058795,0.176623
-0.118871,0.058421,0.201088
-0.119159,0.060683,0.199692
-0.118154,0.062197,0.199001
-0.115492,0.067452,0.195649
-0.101953,0.054403,0.239460
-0.099920,0.048687,0.261665
-0.101639,0.051840,0.256269
-0.105565,0.056405,0.242484
-0.098181,0.045976,0.262889
-0.099709,0.047401,0.269400
-0.097206,0.050841,0.286865
-0.091165,0.052609,0.291468
