-0.167307,0.020996,0.125430
-0.166138,0.021398,0.111255
-0.160458,0.024997,0.128275
-0.160453,0.028613,0.146966
-0.153496,0.035556,0.166369
-0.139288,0.043154,0.188682
-0.125510,0.057229,0.181750
-0.122332,0.060250,0.186909
-0.121211,0.060776,0.192763
-0.120144,0.060818,0.197529
-0.119980,0.060380,0.199916
-0.118452,0.060188,0.204171
-0.117471,0.060193,0.206567
-0.115861,0.060434,0.210990
-0.115876,0.059597,0.212227
-0.114558,0.056491,0.218867
-0.113718,0.056396,0.220963
-0.100964,0.052653,0.243542
-0.098538,0.046903,0.258198
-0.101255,0.053545,0.268855
-0.096990,0.052698,0.282738
-0.094222,0.053253,0.285943
-0.167230,0.020940,0.125022
-0.167509,0.019902,0.111398
-0.166506,0.019747,0.098677
-0.165874,0.017848,0.087276
-0.164956,0.016625,0.074913
-0.164589,0.014175,0.065469
-0.164572,0.012047,0.057287
