-0.167279,0.016283,0.124438
-0.147489,0.040761,0.132646
-0.150583,0.040608,0.124892
-0.146122,0.044593,0.140140
-0.141800,0.050180,0.155323
-0.142626,0.052300,0.147599
-0.143093,0.053168,0.141004
-0.141082,0.054339,0.137756
-0.131489,0.058819,0.143847
-0.122332,0.060291,0.180471
-0.121884,0.062910,0.175853
-0.119779,0.065695,0.173795
-0.113771,0.071220,0.174720
-0.114332,0.058791,0.201645
-0.113386,0.062387,0.201018
-0.111605,0.065184,0.202303
-0.112930,0.076693,0.200748
-0.167361,0.021205,0.125558
-0.154296,0.024774,0.139111
-0.155732,0.049782,0.153388
-0.156149,0.058290,0.181441
-0.115285,0.063513,0.220793
-0.113925,0.063813,0.225337
-0.113279,0.061826,0.229404
