-0.167265,0.020716,0.125248
-0.166790,0.019550,0.110814
-0.165673,0.017129,0.095225
-0.165119,0.014135,0.080350
-0.164149,0.010437,0.068403
-0.163101,0.006201,0.056701
-0.167390,0.021289,0.125644
-0.169008,0.017531,0.112914
-0.166589,0.017384,0.099879
-0.166376,0.014679,0.086320
-0.165690,0.014464,0.075724
-0.165150,0.012586,0.064110
-0.164188,0.010537,0.051904
-0.163586,0.009078,0.043612
-0.163522,0.023081,0.103306
-0.162388,0.020349,0.113758
-0.161822,0.019658,0.119801
-0.163440,0.027234,0.119539
-0.163298,0.027138,0.121137
