-0.167387,0.020938,0.125406
-0.151742,0.035068,0.150379
-0.146325,0.042947,0.179133
-0.148801,0.046809,0.167971
-0.148509,0.048116,0.164645
-0.146566,0.050185,0.155610
-0.131933,0.056444,0.175148
-0.130270,0.058320,0.174457
-0.126668,0.060316,0.177793
-0.126232,0.060942,0.178909
-0.125884,0.061420,0.179371
-0.127910,0.060124,0.173616
-0.123301,0.063766,0.172426
-0.118634,0.070102,0.172738
-0.116639,0.074723,0.172061
-0.120179,0.058517,0.191252
-0.121424,0.058712,0.194418
-0.113358,0.054850,0.217666
-0.115153,0.055140,0.218364
-0.108268,0.054792,0.230727
-0.107703,0.054756,0.232292
-0.167203,0.020809,0.125207
-0.159628,0.030567,0.126696
-0.159547,0.054139,0.135648
-0.158364,0.057483,0.124547
-0.148081,0.075181,0.157291
-0.167629,0.014683,0.123329
-0.166899,0.016074,0.111747
-0.165411,0.018291,0.093437
-0.164691,0.017775,0.081186
-0.165486,0.016745,0.071297
-0.164723,0.016829,0.063908
