-0.167366,0.020568,0.125293
-0.152258,0.027735,0.148595
-0.153165,0.029715,0.142488
-0.153287,0.030756,0.134927
-0.153738,0.031506,0.127524
-0.155054,0.032099,0.121543
-0.157713,0.030572,0.099118
-0.158590,0.029389,0.093881
-0.152963,0.030716,0.111003
-0.157307,0.033810,0.116027
-0.157640,0.035029,0.117126
-0.153308,0.044261,0.122794
-0.151055,0.044881,0.122152
-0.148821,0.046491,0.123400
-0.120663,0.059536,0.159675
-0.120087,0.067928,0.165778
-0.119868,0.071048,0.167656
-0.114391,0.057437,0.205950
-0.101850,0.053483,0.240746
-0.108684,0.051756,0.237494
-0.099493,0.048769,0.253961
-0.101551,0.052192,0.259906
-0.102361,0.053673,0.256942
-0.103094,0.053684,0.253097
-0.102172,0.053909,0.248386
-0.101894,0.068691,0.237882
