-0.167136,0.020810,0.125195
-0.150398,0.036803,0.154154
-0.154745,0.040848,0.135092
-0.154742,0.041366,0.124028
-0.155289,0.042614,0.117691
-0.155613,0.043002,0.113775
-0.154971,0.048902,0.104136
-0.125376,0.061606,0.174964
-0.128219,0.060801,0.175656
-0.127427,0.058523,0.178207
-0.126983,0.057583,0.180161
-0.124546,0.060203,0.200475
-0.113410,0.054873,0.220234
-0.102130,0.053509,0.240462
-0.167294,0.020940,0.125384
-0.167194,0.019126,0.110646
-0.166171,0.018773,0.097314
-0.165575,0.016385,0.084628
-0.164596,0.014117,0.073161
-0.164517,0.010632,0.061642
-0.167179,0.021069,0.124902
-0.166334,0.021553,0.107758
-0.148634,0.032609,0.141346
-0.137787,0.044251,0.182904
-0.141088,0.046727,0.170868
-0.133548,0.043177,0.200623
-0.133948,0.045763,0.193690
-0.127625,0.055650,0.192669
-0.125033,0.057889,0.187288
-0.133943,0.056912,0.177457
-0.143059,0.050487,0.163510
-0.145389,0.050508,0.159474
-0.146438,0.050772,0.150962
-0.129305,0.053113,0.175778
-0.129560,0.055767,0.171393
-0.128080,0.058476,0.165410
-0.128457,0.059661,0.161520
-0.117113,0.058850,0.141523
