-0.167354,0.020958,0.125474
-0.152947,0.039193,0.158345
-0.156504,0.040552,0.152200
-0.157138,0.043732,0.142729
-0.153340,0.048739,0.134883
-0.137529,0.053780,0.160151
-0.139800,0.056196,0.155622
-0.124938,0.056448,0.194745
-0.126389,0.056074,0.192921
-0.125900,0.057541,0.189512
-0.108137,0.063263,0.239342
-0.108293,0.063668,0.238603
-0.108807,0.063789,0.238847
-0.102002,0.051066,0.259896
-0.105577,0.055356,0.243856
-0.102137,0.052279,0.243955
-0.100296,0.048412,0.253876
-0.101714,0.049516,0.251878
-0.099501,0.047288,0.258776
-0.102246,0.048094,0.273973
-0.101653,0.047585,0.277570
-0.101017,0.046372,0.281194
-0.099182,0.047580,0.288461
