-0.167178,0.021053,0.125284
-0.153608,0.027657,0.134070
-0.155415,0.030114,0.128069
-0.155875,0.033337,0.117019
-0.156897,0.034487,0.106372
-0.157133,0.034558,0.102549
-0.157956,0.035849,0.094922
-0.147811,0.041027,0.127618
-0.144161,0.046871,0.145781
-0.144920,0.048872,0.142615
-0.142815,0.049225,0.129299
-0.115439,0.060175,0.131757
-0.115330,0.060138,0.157365
-0.167254,0.021097,0.125258
-0.155098,0.023737,0.133258
-0.156201,0.027318,0.120037
-0.146676,0.036856,0.141307
-0.148542,0.038588,0.138516
-0.140272,0.046020,0.166687
-0.167314,0.020816,0.125068
-0.155443,0.024720,0.131327
-0.156787,0.025094,0.125498
-0.156983,0.025782,0.119474
-0.157312,0.026775,0.113336
-0.159131,0.025104,0.099190
-0.154011,0.038556,0.126174
-0.156421,0.041363,0.125415
-0.155889,0.043113,0.125424
-0.122774,0.059882,0.164513
-0.127426,0.063793,0.163151
-0.124101,0.056408,0.192657
-0.140862,0.042637,0.190921
-0.138390,0.044891,0.190362
-0.121439,0.053421,0.210360
-0.117351,0.055701,0.213882
