-0.167187,0.020514,0.124757
-0.166704,0.019476,0.110165
-0.166468,0.017772,0.097271
-0.165664,0.015667,0.085692
-0.164998,0.012630,0.074354
-0.164278,0.009631,0.066269
-0.159105,0.000585,0.094129
-0.158085,0.005441,0.101957
-0.155840,0.013216,0.103006
-0.149941,0.028173,0.123233
-0.150092,0.032681,0.122921
-0.129754,0.046436,0.137884
-0.119804,0.057995,0.134871
-0.116153,0.049245,0.226223
-0.167322,0.020595,0.125050
-0.168453,0.020775,0.113652
-0.166075,0.023479,0.101519
-0.154992,0.032588,0.134039
-0.158007,0.034554,0.129303
-0.156511,0.038692,0.127027
-0.138292,0.051949,0.167831
-0.139500,0.054155,0.161266
-0.115890,0.055666,0.215205
-0.116138,0.056098,0.213937
