-0.167045,0.020825,0.124582
-0.166695,0.019866,0.109899
-0.165829,0.017773,0.095011
-0.153057,0.024075,0.121273
-0.154918,0.026069,0.109460
-0.157005,0.035075,0.126667
-0.156586,0.038573,0.123300
-0.151227,0.041698,0.118719
-0.140643,0.051452,0.120367
-0.130175,0.061985,0.122999
-0.122544,0.065746,0.154509
-0.122312,0.067959,0.152276
-0.122057,0.057838,0.185380
-0.123200,0.058561,0.184657
-0.125652,0.057418,0.186003
-0.126382,0.056140,0.186684
-0.127678,0.055271,0.190460
-0.167344,0.021097,0.125721
-0.154491,0.009907,0.092068
-0.167319,0.020922,0.125411
-0.169283,0.019600,0.114422
-0.166633,0.020629,0.101859
-0.166569,0.018138,0.088934
-0.166074,0.014120,0.078058
-0.165050,0.010646,0.069440
-0.164136,0.009891,0.061796
