-0.167252,0.021061,0.125130
-0.156194,0.046912,0.128530
-0.155577,0.048850,0.120732
-0.123686,0.063468,0.144093
-0.122405,0.059540,0.164190
-0.125986,0.059814,0.165191
-0.126805,0.059776,0.167416
-0.122327,0.055566,0.197592
-0.124417,0.053490,0.196937
-0.116432,0.055005,0.213109
-0.116636,0.055629,0.214331
-0.115939,0.065446,0.209444
-0.112076,0.068105,0.210368
-0.110458,0.058004,0.224028
-0.109893,0.058876,0.226218
-0.105586,0.059168,0.249480
-0.105951,0.061096,0.246268
-0.108697,0.064289,0.240453
-0.107770,0.066677,0.241765
-0.102532,0.062685,0.259537
