-0.167377,0.021034,0.125249
-0.149530,0.043070,0.152089
-0.151925,0.045191,0.144452
-0.147772,0.044355,0.167128
-0.136875,0.046463,0.192536
-0.137738,0.048754,0.189099
-0.134861,0.052850,0.182743
-0.119931,0.056551,0.205677
-0.116019,0.057450,0.213576
-0.101294,0.053381,0.241491
-0.104977,0.056539,0.233417
-0.100684,0.050426,0.263196
-0.101068,0.052688,0.261846
-0.102504,0.053313,0.261534
-0.098572,0.045061,0.265063
-0.098048,0.046494,0.268971
-0.098187,0.046913,0.276877
-0.100781,0.045889,0.282794
-0.167203,0.021284,0.125181
-0.168365,0.020125,0.112657
-0.155668,0.036071,0.129942
-0.158201,0.036162,0.120697
-0.158354,0.036273,0.113847
-0.158569,0.036591,0.108191
-0.155276,0.036823,0.126134
-0.140938,0.050326,0.150352
-0.142226,0.053924,0.145869
-0.116734,0.061889,0.180348
-0.113270,0.058877,0.211093
-0.103083,0.054797,0.237250
-0.104145,0.057074,0.233870
