-0.161818,0.026729,0.115639
-0.156183,0.038441,0.144545
-0.135249,0.053830,0.174444
-0.118935,0.057064,0.204149
-0.102384,0.054929,0.237391
-0.103700,0.056682,0.234390
-0.101902,0.054274,0.259983
-0.103806,0.055794,0.255133
-0.099403,0.046661,0.268279
-0.099568,0.046007,0.269990
-0.099350,0.047232,0.271408
-0.099490,0.046258,0.277207
-0.099663,0.044230,0.285009
-0.098136,0.044244,0.289130
-0.096379,0.044638,0.291673
-0.094831,0.044964,0.293858
-0.166937,0.020702,0.124041
-0.167899,0.020651,0.112123
-0.167046,0.024429,0.102770
-0.167782,0.025536,0.092928
-0.166044,0.027326,0.081142
-0.165476,0.026783,0.070572
-0.163871,0.027068,0.059309
-0.162792,0.025373,0.049199
-0.167242,0.020838,0.125216
-0.167416,0.021710,0.112248
-0.166015,0.023977,0.099713
-0.165911,0.022993,0.087964
-0.165153,0.022460,0.077773
-0.154758,0.036267,0.106907
-0.154740,0.036714,0.102126
-0.155693,0.037525,0.098324
