-0.167282,0.020632,0.124933
-0.144667,0.042514,0.154921
-0.147861,0.043621,0.146444
-0.132126,0.055966,0.175523
-0.134186,0.056678,0.171783
-0.132151,0.057742,0.167191
-0.131564,0.057973,0.166439
-0.125908,0.057635,0.187660
-0.119485,0.058221,0.198453
-0.120354,0.060611,0.195759
-0.120483,0.071358,0.191540
-0.114714,0.056870,0.211994
-0.113599,0.057642,0.216887
-0.112493,0.058331,0.219264
-0.103455,0.054421,0.237402
-0.104988,0.056745,0.233876
-0.105141,0.059660,0.252832
-0.106600,0.062786,0.256145
-0.167129,0.020956,0.124781
-0.164100,0.028061,0.109626
-0.163893,0.027627,0.100691
-0.163934,0.026735,0.091781
-0.155326,0.034816,0.141915
-0.155982,0.037543,0.139135
-0.155480,0.041250,0.138060
