-0.167221,0.020798,0.125063
-0.152268,0.040124,0.162847
-0.149627,0.038739,0.185510
-0.151260,0.040634,0.181823
-0.150581,0.042667,0.177156
-0.150944,0.044426,0.173376
-0.147661,0.048936,0.161527
-0.145596,0.051729,0.153440
-0.143947,0.053060,0.152299
-0.125844,0.056246,0.193729
-0.118500,0.056252,0.209327
-0.118135,0.056604,0.211800
-0.116867,0.056377,0.213393
-0.116322,0.056182,0.215433
-0.105433,0.054081,0.234714
-0.100264,0.050688,0.249337
-0.098341,0.047676,0.257667
-0.099757,0.045769,0.264415
-0.098467,0.043941,0.268303
-0.097175,0.046603,0.277662
-0.098308,0.045802,0.282758
-0.160050,0.023106,0.114847
-0.160620,0.024011,0.106240
-0.151817,0.039505,0.118263
-0.151141,0.047532,0.104963
