-0.167267,0.021215,0.125339
-0.152277,0.039845,0.149429
-0.136969,0.042613,0.176826
-0.137338,0.043437,0.174144
-0.136206,0.045850,0.171741
-0.139357,0.047020,0.192023
-0.120176,0.051651,0.218825
-0.117225,0.054527,0.215305
-0.101604,0.052978,0.242196
-0.099012,0.045798,0.260544
-0.101327,0.049311,0.271633
-0.101387,0.048510,0.273860
-0.099513,0.048351,0.283622
-0.097909,0.048888,0.286221
-0.094730,0.051496,0.289169
-0.167306,0.020763,0.125028
-0.151951,0.033554,0.131025
-0.154947,0.033696,0.122546
-0.154849,0.035421,0.115995
-0.147542,0.046490,0.145413
-0.150200,0.048455,0.141562
-0.147405,0.050265,0.132869
-0.146535,0.051018,0.130013
-0.145966,0.051626,0.129279
-0.133951,0.055510,0.161963
-0.135488,0.058081,0.158951
-0.119180,0.067579,0.164591
-0.114260,0.074560,0.165820
