-0.159548,0.021465,0.121796
-0.159991,0.022222,0.111667
-0.161305,0.020390,0.102147
-0.161178,0.018303,0.092897
-0.161127,0.015259,0.085069
-0.167345,0.020954,0.125474
-0.166816,0.019317,0.108782
-0.166508,0.020230,0.096369
-0.165926,0.017557,0.080549
-0.165132,0.015410,0.068181
-0.163971,0.012209,0.054845
-0.167162,0.021156,0.125350
-0.154579,0.026763,0.144669
-0.130868,0.055431,0.184265
-0.122082,0.055983,0.204783
-0.124111,0.056559,0.203678
-0.112718,0.054730,0.222560
-0.113544,0.055466,0.220830
-0.114372,0.066788,0.214805
-0.103255,0.056083,0.241813
-0.099090,0.045666,0.260647
-0.099646,0.047370,0.271396
