-0.167261,0.020750,0.125447
-0.150793,0.031579,0.173448
-0.151167,0.033644,0.165097
-0.151453,0.035409,0.158870
-0.151814,0.036012,0.153835
-0.146666,0.036521,0.176078
-0.133244,0.043942,0.199887
-0.129648,0.046807,0.203129
-0.118586,0.048667,0.231118
-0.114814,0.047888,0.236812
-0.099185,0.045275,0.261509
-0.100321,0.046368,0.264319
-0.101076,0.046833,0.272648
-0.101498,0.046146,0.280305
-0.167304,0.020711,0.125169
-0.166316,0.021337,0.107815
-0.166736,0.020347,0.096701
-0.155929,0.036261,0.124423
-0.136043,0.047780,0.156315
-0.136691,0.057004,0.154220
-0.130654,0.063630,0.152436
