-0.166749,0.020965,0.124182
-0.150662,0.038650,0.146951
-0.153406,0.040834,0.140214
-0.153111,0.041793,0.134338
-0.152941,0.043678,0.127150
-0.143139,0.048947,0.150050
-0.121071,0.060013,0.162078
-0.122942,0.064389,0.162030
-0.120875,0.068110,0.163356
-0.119059,0.070773,0.164261
-0.115475,0.060873,0.205251
-0.102770,0.053284,0.240146
-0.106194,0.053684,0.236401
-0.108849,0.053897,0.234038
-0.099158,0.045553,0.261440
-0.100170,0.045611,0.270668
-0.099265,0.045236,0.275387
-0.098350,0.045902,0.283579
-0.167285,0.020921,0.125004
-0.167264,0.018218,0.109884
-0.166323,0.017820,0.098006
-0.166334,0.017204,0.087574
-0.165498,0.015781,0.076244
-0.164773,0.013226,0.065017
-0.163596,0.011134,0.054277
-0.167171,0.021056,0.125023
-0.167163,0.018978,0.111282
-0.153835,0.025734,0.141646
-0.154747,0.027926,0.135800
-0.146345,0.040135,0.168382
-0.148582,0.042123,0.165627
-0.147351,0.044487,0.163290
