-0.167250,0.020634,0.125099
-0.149707,0.031974,0.152229
-0.151057,0.032161,0.143991
-0.152190,0.033152,0.135867
-0.154230,0.032579,0.130031
-0.154340,0.032698,0.123436
-0.156978,0.027672,0.099487
-0.157577,0.024297,0.093115
-0.155252,0.017847,0.113111
-0.150031,0.023811,0.130310
-0.144724,0.038836,0.152738
-0.143281,0.043842,0.152423
-0.136796,0.051218,0.185122
-0.139510,0.050916,0.184873
-0.137063,0.051422,0.187344
-0.124896,0.055569,0.195474
-0.109289,0.054800,0.227524
-0.110052,0.055122,0.230299
-0.110315,0.054730,0.231530
-0.098934,0.045670,0.261369
-0.099852,0.045579,0.264662
-0.099393,0.045877,0.269214
-0.101184,0.048624,0.274572
-0.097911,0.047179,0.285021
-0.095653,0.047551,0.289143
-0.092914,0.048863,0.292118
-0.089795,0.048985,0.295082
-0.167237,0.021150,0.125495
-0.167626,0.021336,0.112324
-0.166953,0.022549,0.101943
-0.166322,0.022727,0.093119
-0.166052,0.022772,0.084592
-0.165515,0.023075,0.074528
-0.165585,0.022014,0.064553
-0.164680,0.021753,0.057100
-0.164622,0.021913,0.051864
-0.132188,0.060968,0.127979
-0.125906,0.063184,0.165533
-0.131747,0.063490,0.163507
-0.121745,0.057350,0.205320
-0.121660,0.056641,0.207238
