-0.167187,0.019460,0.124441
-0.147989,0.048994,0.155533
-0.125007,0.056351,0.195089
-0.112424,0.055277,0.221506
-0.102476,0.054543,0.241657
-0.103547,0.055698,0.241080
-0.108462,0.058389,0.240601
-0.109070,0.060670,0.239721
-0.099729,0.056264,0.268667
-0.167246,0.021093,0.125456
-0.167118,0.019048,0.111121
-0.167033,0.019327,0.101910
-0.166851,0.018576,0.093777
-0.166205,0.017323,0.085942
-0.166087,0.015823,0.078751
-0.164375,0.011544,0.064414
-0.163873,0.009248,0.056635
-0.167234,0.020816,0.125249
-0.151266,0.032210,0.131764
-0.151412,0.032898,0.130229
-0.142174,0.046692,0.153533
-0.145050,0.047484,0.150019
-0.132479,0.055826,0.170924
-0.135153,0.056487,0.167488
-0.124911,0.054620,0.202633
-0.126054,0.055311,0.195193
-0.127341,0.053170,0.199884
-0.128912,0.052435,0.202246
-0.129856,0.053380,0.204569
-0.130403,0.053172,0.207293
-0.131151,0.052710,0.207714
-0.104576,0.046866,0.252702
-0.105445,0.048857,0.250855
-0.099951,0.054822,0.270800
