-0.167199,0.020618,0.124879
-0.151231,0.055772,0.152151
-0.152994,0.057336,0.145589
-0.153220,0.058888,0.142395
-0.131291,0.065764,0.182690
-0.113218,0.066637,0.233753
-0.112350,0.067956,0.232944
-0.110702,0.070513,0.238529
-0.167429,0.020917,0.125420
-0.167257,0.018637,0.109783
-0.166269,0.018885,0.098313
-0.163986,0.021201,0.099013
-0.163425,0.021513,0.090760
-0.163778,0.020659,0.083051
-0.167342,0.020856,0.125071
-0.167078,0.020677,0.110057
-0.166111,0.021902,0.097880
-0.165639,0.021767,0.085272
-0.165607,0.022152,0.074594
-0.164680,0.021805,0.066320
-0.164454,0.021771,0.059923
-0.164943,0.021385,0.055612
