-0.143897,0.040702,0.166764
-0.142235,0.045580,0.188887
-0.144350,0.046410,0.186712
-0.144265,0.047749,0.184233
-0.143303,0.050228,0.179862
-0.127123,0.056882,0.194234
-0.123436,0.065201,0.192552
-0.117926,0.069505,0.203670
-0.113378,0.080683,0.197480
-0.103998,0.058527,0.232308
-0.105010,0.069710,0.232317
-0.103703,0.055202,0.254237
-0.105315,0.053464,0.248265
-0.105838,0.053491,0.244769
-0.101029,0.049634,0.250356
-0.100031,0.046515,0.260057
-0.167184,0.021096,0.125446
-0.156022,0.025665,0.121557
-0.159383,0.026450,0.113996
-0.159574,0.029065,0.104734
-0.159790,0.029987,0.100601
-0.160435,0.028889,0.091634
-0.133751,0.044881,0.125083
