-0.166979,0.020597,0.124214
-0.149795,0.030826,0.136179
-0.152228,0.030783,0.123320
-0.151845,0.032538,0.129087
-0.152228,0.033937,0.126779
-0.145882,0.040455,0.149760
-0.143411,0.040623,0.159889
-0.143345,0.041834,0.160659
-0.135824,0.046328,0.182421
-0.130635,0.048497,0.207301
-0.129928,0.049804,0.211028
-0.103413,0.054375,0.236594
-0.104364,0.057051,0.233886
-0.106928,0.061132,0.231263
-0.105520,0.059194,0.250018
-0.106431,0.060774,0.247768
-0.107504,0.064523,0.243396
-0.106896,0.066405,0.243892
