-0.166767,0.020897,0.124570
-0.148959,0.034114,0.159480
-0.150910,0.034873,0.153109
-0.151840,0.038994,0.167463
-0.154368,0.039588,0.165653
-0.154256,0.040772,0.163692
-0.144904,0.041543,0.190780
-0.145242,0.044940,0.186997
-0.144472,0.046307,0.185419
-0.124504,0.052682,0.199165
-0.108892,0.054664,0.229253
-0.107526,0.057429,0.228921
-0.103503,0.055859,0.252774
-0.105380,0.058553,0.242699
-0.098796,0.045966,0.263380
-0.100233,0.045683,0.268173
-0.100703,0.046580,0.274694
-0.101851,0.045656,0.284039
-0.101153,0.045678,0.287344
-0.167222,0.020860,0.125253
-0.167903,0.019585,0.111677
-0.166298,0.020187,0.097448
-0.165517,0.018702,0.085363
-0.165075,0.017722,0.074386
-0.165869,0.016209,0.066407
-0.164787,0.014478,0.058573
-0.158975,0.018487,0.083689
