-0.167221,0.020947,0.124958
-0.150160,0.039644,0.145876
-0.152819,0.041089,0.139825
-0.153108,0.044578,0.132506
-0.154056,0.045972,0.124730
-0.154854,0.045459,0.117521
-0.152759,0.046609,0.107422
-0.125609,0.057863,0.125063
-0.125326,0.058959,0.123671
-0.120153,0.056829,0.133103
-0.122709,0.056834,0.131075
-0.119465,0.058159,0.164301
-0.119528,0.069054,0.160813
-0.113070,0.071600,0.162033
-0.118663,0.060044,0.170308
-0.118693,0.058280,0.186001
-0.119997,0.059502,0.189436
-0.114222,0.055726,0.213579
-0.106204,0.057855,0.226926
-0.106904,0.065732,0.227614
-0.100550,0.074943,0.227488
-0.094812,0.073753,0.225395
-0.094994,0.072259,0.226353
-0.103648,0.057771,0.247506
