-0.167288,0.020746,0.125152
-0.147684,0.046237,0.151826
-0.151475,0.048500,0.141408
-0.129857,0.059374,0.167854
-0.126814,0.060120,0.184328
-0.113539,0.056694,0.213788
-0.102478,0.053645,0.240119
-0.107624,0.054660,0.233032
-0.100708,0.048051,0.265699
-0.102162,0.049875,0.266186
-0.099774,0.055680,0.270596
-0.161742,0.020836,0.106431
-0.161773,0.019188,0.098816
-0.161195,0.017559,0.092680
-0.160001,0.012092,0.078255
-0.167212,0.021008,0.124779
-0.152424,0.030633,0.139251
-0.152914,0.032844,0.133536
-0.153930,0.033772,0.128418
-0.141730,0.049932,0.171415
-0.114968,0.055199,0.217649
