-0.167457,0.020729,0.125412
-0.153137,0.016797,0.114632
-0.154258,0.016933,0.106435
-0.155635,0.015944,0.100267
-0.154613,0.011643,0.113158
-0.155655,0.024590,0.105508
-0.154219,0.025737,0.132704
-0.155307,0.025473,0.133850
-0.167169,0.021179,0.125133
-0.153774,0.029414,0.140437
-0.151837,0.045697,0.172227
-0.148466,0.057817,0.202166
-0.150798,0.061726,0.200129
-0.153559,0.064240,0.191369
-0.167287,0.020722,0.125052
-0.151151,0.025670,0.140261
-0.135109,0.054862,0.172838
-0.130661,0.055718,0.185030
-0.130813,0.056762,0.176551
-0.132394,0.060246,0.167229
-0.134187,0.056380,0.167907
-0.112510,0.062241,0.187507
-0.105405,0.056781,0.228964
-0.099672,0.051076,0.249314
-0.102252,0.054751,0.242232
