-0.167080,0.022180,0.125093
-0.166049,0.022308,0.109192
-0.165595,0.021065,0.094805
-0.154780,0.021822,0.124853
-0.156667,0.022854,0.117528
-0.157358,0.024144,0.107636
-0.152905,0.033550,0.123377
-0.146573,0.039871,0.140703
-0.122552,0.058296,0.170648
-0.125001,0.059665,0.173496
-0.125297,0.060108,0.177183
-0.127873,0.057961,0.176938
-0.129480,0.056504,0.175960
-0.130807,0.055199,0.175698
-0.121064,0.055389,0.204196
-0.109995,0.056046,0.222831
-0.111276,0.056597,0.221047
-0.113534,0.056042,0.220075
-0.105088,0.058854,0.249046
-0.104589,0.060058,0.246432
-0.100975,0.049920,0.256071
-0.102122,0.052471,0.247099
-0.103246,0.053026,0.243846
-0.099112,0.045838,0.272095
-0.167168,0.021014,0.125003
-0.169491,0.018309,0.112421
-0.168628,0.019255,0.101997
-0.168468,0.018600,0.093493
-0.160982,0.025212,0.114928
-0.160978,0.027203,0.100837
-0.161161,0.027169,0.093073
-0.151211,0.042204,0.130417
-0.130052,0.057054,0.173361
-0.131890,0.059177,0.171585
-0.131179,0.060910,0.170857
-0.126324,0.063111,0.174524
-0.124012,0.064099,0.179074
-0.100438,0.057253,0.235804
-0.099275,0.045504,0.261413
-0.101222,0.047857,0.257067
-0.102065,0.048844,0.255862
