-0.167122,0.021021,0.124769
-0.152160,0.032837,0.156537
-0.154447,0.033710,0.150308
-0.137825,0.042253,0.174089
-0.131197,0.054048,0.190220
-0.133553,0.054535,0.188407
-0.123423,0.056045,0.202308
-0.119757,0.056271,0.208234
-0.119053,0.056600,0.211518
-0.117729,0.056690,0.213164
-0.116611,0.056186,0.215165
-0.106488,0.054267,0.232044
-0.101420,0.053210,0.241747
-0.099830,0.048573,0.257351
-0.100231,0.048650,0.257349
-0.101569,0.049993,0.256851
-0.099435,0.048997,0.253896
-0.101308,0.050665,0.258969
-0.100407,0.047585,0.262676
-0.100677,0.047377,0.269876
-0.100974,0.047120,0.271685
-0.100937,0.047222,0.272851
-0.104369,0.045149,0.283739
-0.102746,0.045976,0.285797
-0.097089,0.050825,0.286433
-0.100295,0.049632,0.286402
