-0.167130,0.021096,0.124779
-0.166787,0.020810,0.111956
-0.165877,0.021371,0.102355
-0.165055,0.020008,0.089926
-0.164771,0.017598,0.077242
-0.164117,0.015499,0.068384
-0.164233,0.012186,0.060526
-0.167134,0.021010,0.124971
-0.160513,0.034295,0.137056
-0.145146,0.048348,0.164911
-0.125752,0.056024,0.194134
-0.111974,0.055059,0.222219
-0.113497,0.055665,0.219853
-0.167119,0.020974,0.125154
-0.149680,0.032675,0.135466
-0.151137,0.034339,0.128839
-0.152917,0.034736,0.122556
-0.155718,0.033552,0.103905
-0.160331,0.028612,0.123170
-0.162267,0.031640,0.128385
-0.139763,0.039652,0.171566
-0.139408,0.041129,0.172634
-0.135171,0.046301,0.172284
-0.131365,0.051716,0.194257
-0.133208,0.052973,0.175314
-0.136225,0.053188,0.166479
-0.135988,0.053727,0.163839
