-0.167119,0.020878,0.125154
-0.150541,0.039040,0.151941
-0.153759,0.041419,0.145859
-0.153552,0.046443,0.138968
-0.150725,0.053504,0.128614
-0.148873,0.055434,0.125285
-0.132111,0.060043,0.166341
-0.167086,0.021350,0.125253
-0.167478,0.017977,0.110983
-0.165936,0.018932,0.095498
-0.159125,0.015562,0.081160
-0.162498,0.015155,0.072411
-0.028639,0.053016,0.015178
-0.167155,0.021063,0.124920
-0.164348,0.030953,0.112541
-0.163829,0.028863,0.107059
-0.163566,0.027577,0.102304
-0.163627,0.026073,0.097385
-0.164052,0.025286,0.096180
-0.163224,0.022889,0.090672
-0.162457,0.018339,0.081927
-0.162531,0.013897,0.078572
-0.160030,0.003479,0.110243
