-0.167099,0.021106,0.125239
-0.153573,0.031885,0.145242
-0.155398,0.033167,0.138602
-0.148723,0.043136,0.164198
-0.150950,0.043953,0.159596
-0.141959,0.049929,0.161968
-0.139377,0.055597,0.156158
-0.136330,0.058359,0.151812
-0.134196,0.059133,0.149887
-0.133471,0.059626,0.149777
-0.124027,0.071031,0.152655
-0.115309,0.075155,0.151882
-0.115859,0.050898,0.221858
-0.119442,0.049140,0.221981
-0.103903,0.051666,0.241192
-0.110723,0.047286,0.240021
-0.101388,0.047904,0.252720
-0.099456,0.045318,0.260747
-0.102397,0.050614,0.271540
-0.101302,0.048740,0.269919
-0.100446,0.047323,0.269042
