-0.166839,0.021314,0.124738
-0.166130,0.022318,0.110099
-0.165536,0.021974,0.095700
-0.155967,0.021449,0.107310
-0.159120,0.020201,0.097301
-0.159222,0.020561,0.092719
-0.162236,0.019995,0.085173
-0.161151,0.021321,0.085320
-0.161963,0.019866,0.085823
-0.125261,0.051623,0.122241
-0.125314,0.056193,0.125050
-0.119884,0.057424,0.140563
-0.123254,0.057805,0.135813
-0.119714,0.058043,0.151263
-0.119671,0.057693,0.158890
-0.119773,0.063280,0.151702
-0.119095,0.057957,0.163845
-0.118605,0.057505,0.187961
-0.118395,0.060639,0.185957
-0.117709,0.061880,0.184571
