-0.162067,0.023104,0.110296
-0.157124,0.020658,0.120757
-0.148606,0.027415,0.135222
-0.151354,0.028532,0.123782
-0.150240,0.033365,0.133296
-0.148527,0.036671,0.153925
-0.149887,0.037028,0.154076
-0.143719,0.044655,0.172022
-0.146506,0.044969,0.166375
-0.142028,0.044596,0.177691
-0.138024,0.049156,0.168713
-0.135162,0.052044,0.162502
-0.132623,0.054672,0.157046
-0.138379,0.051415,0.159298
-0.138795,0.053845,0.157083
-0.120063,0.060310,0.174309
-0.112149,0.061034,0.194775
-0.112608,0.065104,0.192020
-0.113636,0.057859,0.206251
-0.113750,0.059612,0.205391
-0.107220,0.054156,0.232202
-0.101054,0.049975,0.250231
-0.102727,0.052661,0.244669
-0.098817,0.047353,0.257475
