-0.167403,0.021030,0.125128
-0.166376,0.021412,0.109785
-0.159307,0.031612,0.129978
-0.161827,0.032444,0.119057
-0.154326,0.028511,0.133471
-0.155721,0.031040,0.131473
-0.156384,0.038395,0.125974
-0.155804,0.040654,0.123710
-0.155050,0.041507,0.119406
-0.130062,0.050414,0.140590
-0.130808,0.057609,0.142453
-0.115617,0.061428,0.174777
-0.115542,0.065956,0.175669
-0.112631,0.069242,0.175591
-0.111047,0.081648,0.171616
-0.122307,0.056982,0.188043
-0.125131,0.055424,0.188781
-0.111829,0.053948,0.224556
-0.101928,0.053610,0.240530
-0.103570,0.066501,0.235470
-0.102959,0.057142,0.246522
-0.094918,0.071137,0.242630
-0.102976,0.059357,0.248637
-0.100974,0.046811,0.256410
-0.101867,0.046591,0.256368
-0.101995,0.045544,0.257510
-0.103630,0.055696,0.263371
-0.167239,0.020865,0.124875
-0.167089,0.019881,0.111180
-0.166214,0.021469,0.098442
-0.154374,0.035825,0.127750
-0.122160,0.060567,0.159778
-0.125361,0.066493,0.156853
-0.122116,0.071016,0.156841
-0.119342,0.075091,0.157399
-0.117486,0.058436,0.198803
-0.121700,0.060221,0.196871
-0.123478,0.058968,0.195453
-0.123836,0.058660,0.193442
-0.123674,0.055572,0.196748
-0.124780,0.052536,0.207740
-0.167375,0.020885,0.125533
-0.168872,0.021350,0.112791
-0.166938,0.022395,0.100106
-0.166726,0.021668,0.087877
-0.159612,0.030632,0.103531
-0.160326,0.032996,0.096405
