-0.167150,0.020923,0.124732
-0.150915,0.034991,0.160352
-0.154414,0.035565,0.147580
-0.155152,0.035809,0.140133
-0.155994,0.035574,0.134041
-0.157057,0.034232,0.124795
-0.157735,0.032986,0.116878
-0.154325,0.025985,0.139214
-0.153253,0.026232,0.157933
-0.141124,0.038399,0.186497
-0.125317,0.047353,0.211050
-0.125472,0.047895,0.210048
-0.114813,0.046855,0.237553
-0.108651,0.042942,0.255680
-0.100794,0.046556,0.275096
-0.167134,0.021086,0.124805
-0.166677,0.020520,0.109863
-0.154319,0.033625,0.139293
-0.156591,0.035615,0.133362
-0.155279,0.040530,0.125398
-0.155109,0.043722,0.118862
