-0.167199,0.021029,0.125244
-0.143915,0.036966,0.156558
-0.137008,0.046584,0.172658
-0.120895,0.055996,0.207630
-0.119937,0.054961,0.212042
-0.133142,0.044073,0.209971
-0.126769,0.050947,0.214931
-0.119905,0.054692,0.219038
-0.102037,0.050044,0.248163
-0.101467,0.046888,0.258468
-0.103591,0.044101,0.271930
-0.167303,0.020815,0.125246
-0.158752,0.025687,0.115888
-0.160158,0.025694,0.100504
-0.152640,0.032953,0.121167
-0.155087,0.034246,0.118474
-0.149208,0.045748,0.128033
-0.151041,0.046133,0.122585
-0.151520,0.047556,0.121795
-0.167168,0.020632,0.124960
-0.156947,0.023355,0.149733
-0.158409,0.029086,0.138199
-0.158238,0.035096,0.124727
-0.158326,0.036705,0.116740
-0.148144,0.045975,0.152155
-0.127440,0.056116,0.189415
-0.110266,0.055062,0.225192
-0.111777,0.056234,0.222687
-0.114677,0.059073,0.214987
-0.102141,0.060704,0.233970
-0.101341,0.061088,0.232243
-0.102939,0.061072,0.228861
-0.105880,0.055318,0.233806
