-0.161462,0.026104,0.120416
-0.162302,0.024690,0.108710
-0.161873,0.023075,0.095572
-0.161233,0.022869,0.089430
-0.161599,0.021223,0.083706
-0.161018,0.020115,0.079538
-0.167293,0.021128,0.125240
-0.168212,0.019155,0.110759
-0.166378,0.019567,0.095978
-0.166464,0.016213,0.084745
-0.164896,0.014490,0.071095
-0.164750,0.009658,0.059488
-0.167198,0.020991,0.125012
-0.161058,0.040178,0.147698
-0.161728,0.042576,0.140244
-0.123068,0.064109,0.187061
-0.104319,0.053158,0.238833
-0.100005,0.044269,0.263692
