-0.167277,0.015676,0.123662
-0.154814,0.015378,0.098942
-0.155579,0.008887,0.104771
-0.157220,0.015092,0.121302
-0.148325,0.029973,0.149966
-0.145087,0.038093,0.173068
-0.142533,0.039362,0.180738
-0.141228,0.040912,0.182099
-0.123105,0.055026,0.205206
-0.117913,0.054430,0.213525
-0.116892,0.054981,0.215231
-0.107137,0.057145,0.232959
-0.109788,0.058092,0.233427
-0.099160,0.045608,0.260547
-0.100073,0.047821,0.263137
-0.101687,0.048694,0.267672
-0.101886,0.048344,0.269962
-0.101808,0.046814,0.274235
