-0.167168,0.020961,0.124794
-0.147505,0.044225,0.161633
-0.136531,0.050098,0.189768
-0.123879,0.048745,0.218937
-0.124271,0.051699,0.215119
-0.120072,0.043143,0.236226
-0.117991,0.046732,0.236251
-0.117545,0.051701,0.234635
-0.118348,0.054721,0.231784
-0.119068,0.058311,0.229592
-0.118591,0.061411,0.224747
-0.111786,0.059306,0.226329
-0.103988,0.068153,0.242926
-0.104570,0.058975,0.255723
-0.167196,0.020776,0.125059
-0.167019,0.020160,0.111158
-0.167094,0.021317,0.100321
-0.166819,0.022059,0.087359
-0.165637,0.021218,0.074829
-0.163258,0.017223,0.045041
-0.167232,0.020931,0.125409
-0.166751,0.021421,0.110626
-0.166346,0.022098,0.099648
-0.165573,0.022528,0.088245
-0.165134,0.022335,0.077775
-0.165707,0.021125,0.069293
-0.164676,0.021657,0.063325
-0.124925,0.057494,0.137665
-0.123134,0.057826,0.177216
-0.125167,0.059486,0.178025
-0.109505,0.053866,0.228393
-0.115442,0.054317,0.220780
-0.116775,0.056281,0.214616
-0.117875,0.058953,0.207838
-0.117438,0.060176,0.206657
-0.118195,0.060746,0.205091
-0.102331,0.053945,0.241471
