-0.162435,0.023711,0.114874
-0.161564,0.025122,0.111532
-0.161356,0.026335,0.103365
-0.160708,0.027507,0.093211
-0.161206,0.026908,0.088194
-0.160377,0.026198,0.083672
-0.160550,0.024697,0.080371
-0.154146,0.010708,0.098714
-0.157595,0.016160,0.098113
-0.146875,0.032688,0.149445
-0.130922,0.055286,0.181881
-0.133113,0.054588,0.177996
-0.135126,0.056090,0.171168
-0.134589,0.056708,0.171511
-0.167199,0.020910,0.124823
-0.169526,0.018712,0.112047
-0.166454,0.020268,0.097346
-0.166999,0.018900,0.086051
-0.165974,0.019075,0.076022
-0.165225,0.018140,0.064341
-0.162991,0.015989,0.046111
-0.161610,0.013822,0.036290
-0.158174,0.018584,0.039383
-0.167268,0.020754,0.125163
-0.166978,0.019962,0.109625
-0.165751,0.021522,0.096531
-0.165414,0.020616,0.084804
-0.164695,0.020306,0.072119
-0.164871,0.020858,0.062154
-0.165396,0.022224,0.053715
