-0.167215,0.021183,0.125021
-0.166833,0.021546,0.112289
-0.166414,0.022314,0.104544
-0.165473,0.022103,0.093997
-0.165551,0.020470,0.085086
-0.160701,0.021078,0.097696
-0.149601,0.030781,0.126809
-0.142681,0.048129,0.145161
-0.144548,0.049953,0.142978
-0.132739,0.057719,0.165014
-0.119239,0.061498,0.187980
-0.112904,0.060554,0.200708
-0.103785,0.055259,0.234991
-0.104604,0.056353,0.233106
-0.107239,0.068929,0.224937
-0.100210,0.072021,0.226862
-0.101800,0.058313,0.244760
-0.100419,0.062044,0.242514
-0.103328,0.058915,0.251068
-0.100649,0.049805,0.256666
-0.102366,0.049366,0.253394
-0.098315,0.044128,0.266737
-0.098180,0.046309,0.270725
-0.098157,0.047197,0.275996
-0.098259,0.046720,0.279402
-0.097598,0.050734,0.287038
-0.167268,0.020742,0.124675
-0.167030,0.020425,0.110509
-0.154346,0.038250,0.135255
-0.156697,0.040483,0.127216
-0.155311,0.043419,0.120249
-0.156097,0.045054,0.115107
-0.151151,0.050310,0.106683
-0.157289,0.026766,0.127328
-0.145388,0.033975,0.155928
-0.144703,0.036363,0.151860
-0.127777,0.048544,0.198867
-0.128556,0.049741,0.193310
-0.132020,0.051773,0.183371
-0.133104,0.052710,0.178683
-0.133174,0.060965,0.158664
-0.135707,0.059802,0.157172
-0.136356,0.058913,0.155747
-0.128604,0.055852,0.184850
-0.131271,0.055577,0.182936
-0.130068,0.057375,0.169112
-0.129676,0.059041,0.166019
-0.124369,0.057977,0.156913
-0.128722,0.059668,0.160108
-0.124500,0.061103,0.171670
