-0.167250,0.020747,0.125209
-0.166990,0.017397,0.131392
-0.161634,0.021790,0.162907
-0.162101,0.023687,0.159361
-0.161583,0.026256,0.154382
-0.158765,0.026369,0.149859
-0.149112,0.031236,0.160476
-0.140091,0.042089,0.161966
-0.127639,0.054338,0.193761
-0.140173,0.046155,0.156294
-0.141828,0.047139,0.156008
-0.131748,0.055477,0.174167
-0.130357,0.056458,0.166097
-0.126408,0.057227,0.184140
-0.127503,0.058010,0.179628
-0.127633,0.059356,0.175569
-0.167264,0.020460,0.125015
-0.169070,0.019127,0.111718
-0.167355,0.020578,0.100444
-0.167867,0.021588,0.091804
-0.166610,0.020881,0.081288
-0.166217,0.020426,0.072734
-0.164575,0.019863,0.061725
-0.162249,0.018196,0.043399
-0.160917,0.016952,0.034040
-0.159504,0.016451,0.026498
-0.167324,0.021034,0.125257
-0.166862,0.020364,0.109818
-0.153331,0.039619,0.143247
-0.156251,0.042360,0.136309
-0.130454,0.056791,0.173976
-0.133851,0.058041,0.171356
-0.132484,0.059568,0.170850
