-0.167240,0.020848,0.124338
-0.161535,0.020925,0.130528
-0.163532,0.021643,0.124515
-0.163307,0.022988,0.117411
-0.163813,0.022708,0.107522
-0.151784,0.021976,0.113175
-0.157762,0.022869,0.111498
-0.157518,0.032721,0.109099
-0.134364,0.043760,0.123675
-0.140263,0.045422,0.121237
-0.123054,0.057121,0.137750
-0.127644,0.056727,0.132291
-0.121880,0.057416,0.142792
-0.120920,0.057992,0.154337
-0.120128,0.058160,0.165541
-0.120848,0.059545,0.163853
-0.117346,0.057871,0.191343
-0.118255,0.059000,0.190873
-0.114803,0.057521,0.204315
-0.114989,0.060375,0.202725
-0.116492,0.055062,0.211822
-0.109535,0.054213,0.228043
-0.100460,0.050660,0.249152
-0.102778,0.053977,0.241194
-0.098257,0.045916,0.261747
-0.098783,0.059847,0.252821
-0.092924,0.059771,0.252835
-0.091679,0.061069,0.250053
-0.100190,0.047572,0.269497
-0.098919,0.045632,0.273420
-0.096970,0.045189,0.280152
-0.097306,0.045962,0.282543
-0.101523,0.051228,0.283237
-0.094196,0.046891,0.281045
