-0.167366,0.021283,0.124678
-0.152831,0.031726,0.140235
-0.154787,0.032059,0.132820
-0.156035,0.032313,0.125304
-0.155996,0.032891,0.119291
-0.151799,0.034842,0.135491
-0.150927,0.038283,0.146053
-0.154828,0.038984,0.143800
-0.127252,0.055349,0.165421
-0.124480,0.062317,0.163132
-0.116342,0.060847,0.180044
-0.116019,0.066482,0.180001
-0.114678,0.068199,0.179895
-0.111739,0.054500,0.222119
-0.102351,0.054536,0.242371
-0.105888,0.053414,0.237703
-0.099120,0.047990,0.255601
-0.101073,0.050431,0.251232
-0.104277,0.064884,0.235178
-0.101499,0.058631,0.244542
-0.102755,0.059537,0.242780
-0.100656,0.049025,0.260928
-0.100665,0.047348,0.262000
-0.100263,0.046475,0.262747
-0.101749,0.045641,0.266680
