-0.167192,0.019533,0.124818
-0.159800,0.030433,0.140102
-0.162306,0.031839,0.128973
-0.160073,0.034443,0.119564
-0.161109,0.034900,0.115367
-0.126992,0.055200,0.153946
-0.130192,0.059017,0.148625
-0.129390,0.060531,0.145982
-0.128197,0.061522,0.144753
-0.122504,0.060341,0.164938
-0.123537,0.062109,0.165280
-0.121236,0.063236,0.173080
-0.122259,0.053613,0.205214
-0.102298,0.053395,0.240294
-0.106217,0.053012,0.237447
-0.100784,0.050018,0.249751
-0.098564,0.045392,0.262135
-0.099589,0.058847,0.254142
-0.093470,0.061475,0.258472
