-0.167345,0.021020,0.125431
-0.166446,0.021903,0.111747
-0.166152,0.021024,0.100938
-0.165187,0.020579,0.088914
-0.165198,0.019757,0.079979
-0.151714,0.020017,0.099510
-0.156628,0.018415,0.094993
-0.158491,0.008928,0.086508
-0.140356,0.029261,0.105090
-0.133999,0.040856,0.108348
-0.123799,0.058164,0.113721
-0.123974,0.057325,0.122954
-0.118986,0.058227,0.154768
-0.122083,0.055600,0.193906
-0.124466,0.055223,0.193188
-0.102042,0.053671,0.240075
-0.101434,0.051284,0.259572
-0.103767,0.055359,0.245893
-0.100689,0.049496,0.266051
-0.105838,0.056654,0.242285
-0.098294,0.045411,0.262394
-0.099338,0.045360,0.272439
-0.098506,0.046834,0.277357
