-0.167205,0.021146,0.125177
-0.166939,0.021828,0.113052
-0.166654,0.021799,0.104226
-0.166111,0.020045,0.093200
-0.165209,0.017801,0.082942
-0.164710,0.015198,0.073308
-0.164225,0.012594,0.066773
-0.160740,-0.000905,0.098842
-0.160100,0.000339,0.093543
-0.153773,0.019042,0.120192
-0.152785,0.029798,0.122340
-0.151939,0.031612,0.124952
-0.151870,0.033023,0.125446
-0.152380,0.033914,0.125492
-0.147029,0.036975,0.155938
-0.147768,0.038579,0.156715
-0.141073,0.041867,0.181485
-0.123025,0.050165,0.207503
-0.122554,0.052291,0.206724
-0.101824,0.053160,0.241861
-0.103127,0.053575,0.250628
-0.100541,0.049762,0.266982
-0.101675,0.047187,0.269787
-0.102336,0.046708,0.271380
-0.103229,0.047444,0.279793
-0.101683,0.048443,0.281893
-0.102377,0.048262,0.284107
-0.098662,0.051172,0.285377
-0.167213,0.020864,0.125173
-0.167252,0.021831,0.112258
-0.166548,0.022670,0.100947
-0.166096,0.022174,0.091503
-0.165849,0.021888,0.081321
-0.164844,0.021080,0.071347
-0.164454,0.019483,0.061208
-0.164913,0.017366,0.055298
-0.165341,0.016166,0.050951
