-0.167253,0.020766,0.125400
-0.149614,0.041871,0.149759
-0.152250,0.044446,0.141105
-0.153680,0.044800,0.133762
-0.154701,0.044964,0.127358
-0.155582,0.043610,0.117906
-0.134988,0.050916,0.128403
-0.124940,0.059662,0.140750
-0.122824,0.058573,0.154027
-0.124805,0.060441,0.152615
-0.121999,0.057911,0.170554
-0.119361,0.057794,0.187622
-0.114853,0.054957,0.214160
-0.104965,0.054110,0.235404
-0.106906,0.054559,0.233958
-0.100343,0.049260,0.258473
-0.101376,0.050778,0.251707
-0.100707,0.049645,0.259968
-0.100841,0.046786,0.268396
-0.100582,0.046825,0.270104
-0.100724,0.047385,0.272831
-0.103535,0.046581,0.280042
-0.103588,0.045942,0.283406
-0.097718,0.049531,0.285453
-0.167272,0.021379,0.125497
-0.158373,0.020499,0.116067
-0.159192,0.021781,0.108891
-0.160757,0.022787,0.099748
-0.162060,0.022479,0.091210
-0.162815,0.021536,0.085120
-0.163613,0.020990,0.083224
-0.153861,0.020975,0.119916
