-0.167403,0.021146,0.125589
-0.146794,0.042482,0.159498
-0.149140,0.048593,0.148142
-0.149355,0.051710,0.135913
-0.149531,0.052249,0.128858
-0.148688,0.054086,0.124674
-0.131668,0.075480,0.151569
-0.127324,0.075720,0.160541
-0.120512,0.059263,0.195392
-0.120889,0.058021,0.195711
-0.120817,0.056824,0.197162
-0.118454,0.051321,0.215557
-0.118458,0.062908,0.214909
-0.113329,0.066261,0.222265
-0.113076,0.066425,0.222471
-0.112941,0.066881,0.225937
-0.105647,0.060305,0.251309
-0.167287,0.020745,0.124944
-0.167331,0.020797,0.124890
-0.149228,0.034328,0.158863
-0.146211,0.041798,0.193024
-0.142685,0.047386,0.188987
-0.140285,0.052063,0.207532
-0.105798,0.050158,0.243452
-0.101050,0.048639,0.269643
-0.100352,0.051728,0.275876
-0.097887,0.051761,0.280875
-0.095490,0.052945,0.284145
