-0.167029,0.017200,0.124371
-0.156284,0.019629,0.106937
-0.158021,0.018225,0.103357
-0.157915,0.018113,0.098692
-0.161406,0.012196,0.114728
-0.158279,0.017460,0.139876
-0.160615,0.020805,0.163304
-0.158722,0.023955,0.167717
-0.151075,0.028141,0.200591
-0.137966,0.032333,0.228182
-0.117450,0.039160,0.251687
-0.112921,0.041590,0.257006
-0.167347,0.020732,0.125507
-0.160728,0.028610,0.133598
-0.161047,0.029671,0.123980
-0.152209,0.033211,0.161647
-0.152485,0.039515,0.152289
-0.127644,0.055694,0.191648
-0.127746,0.055512,0.196728
