-0.167173,0.020910,0.125264
-0.166194,0.021292,0.111368
-0.153844,0.035599,0.130067
-0.156871,0.036779,0.124754
-0.148563,0.046836,0.148621
-0.126024,0.058868,0.178371
-0.125655,0.061058,0.178777
-0.111340,0.055967,0.222160
-0.110821,0.059234,0.222784
-0.103852,0.056169,0.245149
-0.099754,0.050767,0.267878
-0.106179,0.050273,0.267479
-0.107354,0.051481,0.267060
-0.167376,0.020992,0.125413
-0.168362,0.017793,0.112285
-0.158981,0.022144,0.089471
-0.167280,0.021028,0.125157
-0.166849,0.012145,0.148627
-0.122724,0.049887,0.211372
-0.103000,0.052901,0.240445
