-0.167162,0.020601,0.125154
-0.143822,0.042217,0.165341
-0.119591,0.061606,0.197056
-0.120916,0.060666,0.199103
-0.120743,0.059715,0.201239
-0.102245,0.058794,0.240135
-0.105653,0.060422,0.241087
-0.107744,0.061339,0.241956
-0.123586,0.060903,0.234018
-0.160178,0.024956,0.120189
-0.151544,0.043996,0.141469
-0.154121,0.046762,0.138034
-0.151769,0.050305,0.134920
-0.151591,0.053054,0.130455
-0.147182,0.057221,0.126814
-0.125859,0.068932,0.164248
-0.118035,0.057109,0.201631
-0.121433,0.056272,0.197561
-0.167149,0.021069,0.125604
-0.161043,0.050677,0.151065
-0.162093,0.053494,0.141146
-0.161681,0.055307,0.132689
-0.160771,0.057032,0.126068
-0.156248,0.060850,0.121650
-0.155605,0.061961,0.118862
-0.153072,0.064276,0.117340
-0.130045,0.065925,0.152775
-0.136104,0.065482,0.152391
-0.137139,0.065899,0.154043
-0.137701,0.065171,0.155687
-0.125679,0.067292,0.185021
