-0.167178,0.021067,0.124778
-0.157300,0.026912,0.133861
-0.159457,0.029550,0.123121
-0.156104,0.028456,0.119001
-0.158061,0.028329,0.115131
-0.157914,0.029028,0.111723
-0.153513,0.027998,0.118689
-0.134274,0.037326,0.118316
-0.132867,0.046810,0.119482
-0.119087,0.053681,0.122311
-0.117982,0.057512,0.138959
-0.118300,0.060274,0.137839
-0.117511,0.057230,0.141772
-0.116581,0.058194,0.154868
-0.117196,0.059860,0.154124
-0.116923,0.057542,0.151339
-0.118770,0.058961,0.168740
-0.120918,0.057288,0.178744
