-0.167146,0.020760,0.125234
-0.152497,0.037429,0.153477
-0.154630,0.039294,0.146343
-0.156807,0.040855,0.134211
-0.154478,0.036241,0.135071
-0.155125,0.040521,0.130269
-0.131192,0.060001,0.150922
-0.123151,0.062904,0.162423
-0.121554,0.057447,0.186953
-0.115787,0.056524,0.207623
-0.116616,0.056360,0.211008
-0.116532,0.055932,0.214174
-0.103748,0.053976,0.237367
-0.101043,0.051319,0.246761
-0.099695,0.047954,0.257958
-0.098442,0.044490,0.268226
-0.098239,0.044991,0.274860
-0.098146,0.044515,0.277209
-0.096743,0.044011,0.282370
-0.095433,0.044297,0.285888
-0.167160,0.021036,0.124888
-0.166772,0.019541,0.108348
-0.166590,0.019023,0.096267
-0.165639,0.020114,0.084261
-0.164826,0.019217,0.065078
-0.164384,0.017142,0.057431
