-0.152361,0.025088,0.133094
-0.154000,0.027163,0.121715
-0.157780,0.025685,0.099958
-0.157877,0.023460,0.091472
-0.152206,0.025372,0.109658
-0.147835,0.037204,0.127425
-0.150161,0.037669,0.125875
-0.149733,0.037834,0.123698
-0.150975,0.036420,0.119319
-0.147352,0.037895,0.125581
-0.148989,0.038406,0.123682
-0.127042,0.049450,0.131564
-0.121892,0.059989,0.130506
-0.116576,0.058174,0.136076
-0.117844,0.062053,0.133514
-0.119132,0.058256,0.165569
-0.120080,0.059715,0.162222
-0.120877,0.060788,0.156849
-0.118873,0.058198,0.159422
-0.112758,0.069296,0.148890
