-0.167065,0.020857,0.125264
-0.153811,0.024166,0.136341
-0.154945,0.025833,0.128426
-0.156937,0.025583,0.121147
-0.157142,0.025736,0.114841
-0.157172,0.025740,0.108875
-0.154146,0.028650,0.128961
-0.156205,0.029030,0.125915
-0.150325,0.034651,0.143654
-0.147717,0.035220,0.152113
-0.148249,0.041311,0.173588
-0.130922,0.047887,0.201221
-0.130108,0.050177,0.198904
-0.127906,0.052207,0.195110
-0.123331,0.056542,0.194888
-0.122486,0.057417,0.196114
-0.119944,0.058930,0.201163
-0.108847,0.054601,0.228296
-0.108015,0.057899,0.227437
-0.106889,0.059477,0.227672
-0.106610,0.059896,0.227554
-0.100822,0.050445,0.259474
-0.103731,0.053016,0.252281
-0.106360,0.056475,0.241706
-0.099361,0.047639,0.265242
-0.099243,0.047941,0.267168
-0.099374,0.047871,0.269645
-0.098506,0.044838,0.265279
-0.097776,0.045804,0.281073
-0.097124,0.044491,0.287253
-0.096736,0.044303,0.291762
-0.095648,0.043511,0.295437
-0.152940,0.029240,0.145530
-0.147973,0.040615,0.174945
-0.133638,0.047988,0.203511
-0.111580,0.053739,0.224796
-0.112222,0.055885,0.222186
