-0.167349,0.020983,0.125317
-0.149687,0.038160,0.158465
-0.141720,0.038600,0.185573
-0.142266,0.040940,0.180992
-0.122438,0.054700,0.207215
-0.102034,0.052487,0.242442
-0.107103,0.054357,0.234079
-0.100122,0.047966,0.256770
-0.101659,0.048290,0.260739
-0.101361,0.046952,0.263029
-0.105404,0.044638,0.267912
-0.105317,0.045584,0.269442
-0.105287,0.045878,0.273647
-0.103184,0.047841,0.280566
-0.101608,0.048820,0.282963
-0.099291,0.050572,0.284329
-0.167202,0.021083,0.125060
-0.167013,0.020150,0.110372
-0.166027,0.020927,0.097927
-0.165182,0.021235,0.085885
-0.154946,0.044024,0.116059
-0.152071,0.048121,0.111592
-0.122972,0.059203,0.145780
-0.126214,0.062760,0.142985
-0.123593,0.065191,0.144839
-0.121438,0.068105,0.149704
