-0.167269,0.020976,0.125206
-0.166025,0.021189,0.108622
-0.166050,0.018116,0.095037
-0.164813,0.014379,0.083396
-0.164491,0.010428,0.073402
-0.162466,0.022615,0.106933
-0.162263,0.018665,0.093400
-0.162032,0.016353,0.085628
-0.162433,0.014891,0.081180
-0.162842,0.010981,0.075242
-0.161286,0.006080,0.091792
-0.161489,0.005644,0.089367
-0.160751,0.005059,0.086858
-0.167180,0.020971,0.124989
-0.167073,0.019677,0.110050
-0.166368,0.019396,0.099388
-0.166247,0.018151,0.089903
-0.164905,0.018279,0.081395
-0.144138,0.033817,0.116791
-0.154051,0.035425,0.113622
-0.155765,0.038549,0.111346
-0.127165,0.054916,0.144307
-0.135200,0.055908,0.141370
-0.134592,0.056813,0.143082
-0.135219,0.056413,0.146554
-0.135737,0.054752,0.147238
-0.136302,0.051257,0.147450
-0.131974,0.055346,0.166425
-0.133766,0.046971,0.188314
-0.134582,0.048585,0.185923
-0.131978,0.052471,0.177014
-0.131283,0.054387,0.171652
-0.122116,0.059111,0.170369
-0.122064,0.062609,0.170942
-0.117469,0.056449,0.208516
-0.118907,0.056594,0.209647
-0.118748,0.057228,0.210592
