-0.167247,0.020656,0.124463
-0.156030,0.023770,0.129110
-0.157159,0.023894,0.116325
-0.157917,0.022935,0.102934
-0.158035,0.023296,0.126912
-0.163001,0.008657,0.120836
-0.155947,0.026359,0.151601
-0.154295,0.031402,0.156031
-0.138630,0.041472,0.176926
-0.134574,0.045782,0.182592
-0.130876,0.048953,0.186774
-0.129236,0.050215,0.188733
-0.126487,0.051505,0.195852
-0.123620,0.051479,0.206021
-0.118686,0.050476,0.222343
-0.118427,0.050822,0.220960
-0.109079,0.054235,0.231731
-0.106996,0.054026,0.236213
