-0.167142,0.020836,0.124817
-0.166913,0.020977,0.112269
-0.166082,0.020625,0.101760
-0.165674,0.019602,0.091803
-0.165374,0.018054,0.082141
-0.164641,0.017238,0.074156
-0.164230,0.015641,0.065122
-0.164002,0.013525,0.056557
-0.167347,0.020902,0.125110
-0.167801,0.020184,0.111527
-0.167302,0.021956,0.101555
-0.155302,0.041969,0.135421
-0.158117,0.045902,0.128919
-0.155932,0.048994,0.121861
-0.153148,0.052457,0.116357
-0.123019,0.065307,0.162216
-0.116756,0.059524,0.208583
-0.117541,0.058814,0.208458
