-0.167308,0.020861,0.125175
-0.152061,0.039380,0.145281
-0.155586,0.039392,0.139009
-0.156133,0.042623,0.134665
-0.155432,0.045739,0.125821
-0.156067,0.045361,0.118364
-0.146892,0.043968,0.151166
-0.148113,0.045644,0.149277
-0.137360,0.058274,0.151569
-0.135472,0.059415,0.150778
-0.133961,0.060787,0.153427
-0.167228,0.020930,0.125072
-0.168715,0.017056,0.109817
-0.167142,0.015597,0.095077
-0.165800,0.012955,0.081905
-0.164965,0.010703,0.070215
-0.164094,0.007697,0.057857
-0.162625,0.004847,0.046321
-0.167155,0.020720,0.125035
-0.169046,0.020380,0.112397
-0.167023,0.021521,0.100118
-0.166481,0.021311,0.089040
-0.166427,0.021789,0.077179
-0.149283,0.053609,0.093652
