-0.163257,0.025075,0.122881
-0.151380,0.036181,0.131910
-0.153871,0.036343,0.126082
-0.154745,0.036911,0.120853
-0.155570,0.036466,0.103243
-0.153399,0.041790,0.113746
-0.154450,0.042085,0.112524
-0.141163,0.050273,0.124188
-0.144109,0.034257,0.138358
-0.149503,0.026912,0.136122
-0.153868,0.020210,0.133608
-0.157130,0.010662,0.122905
-0.157158,0.009094,0.120468
-0.156944,0.003244,0.107420
-0.156859,-0.000725,0.101204
-0.156875,0.019991,0.122353
-0.144142,0.042623,0.144415
-0.134101,0.053000,0.144677
-0.109213,0.062214,0.152967
-0.109632,0.068289,0.148601
-0.114377,0.060077,0.168681
