-0.167311,0.021016,0.125215
-0.162493,0.052113,0.128421
-0.163981,0.053662,0.119815
-0.161601,0.055596,0.115391
-0.136415,0.066776,0.154904
-0.127943,0.057781,0.171636
-0.134466,0.057290,0.169263
-0.134325,0.054343,0.173366
-0.130581,0.057142,0.177496
-0.129584,0.059298,0.182685
-0.101707,0.072270,0.232692
-0.103789,0.055095,0.252718
-0.167202,0.018101,0.124576
-0.152405,0.025926,0.141496
-0.153525,0.028012,0.134786
-0.154854,0.029360,0.128250
-0.156439,0.029959,0.123190
-0.153918,0.038908,0.144743
-0.132452,0.045639,0.190668
-0.130085,0.049576,0.190336
-0.127573,0.055884,0.191520
-0.121628,0.055311,0.205341
-0.113350,0.055440,0.217258
-0.127063,0.056794,0.190597
-0.127994,0.058213,0.190005
-0.128661,0.059519,0.188099
-0.114172,0.057049,0.216637
-0.106831,0.055367,0.231099
-0.107322,0.059539,0.226464
-0.109011,0.061195,0.224064
-0.100896,0.054060,0.240651
-0.100735,0.050234,0.250745
-0.097866,0.044648,0.267709
-0.100308,0.044180,0.276167
-0.099646,0.043585,0.281143
-0.099869,0.042087,0.286092
-0.097200,0.042902,0.289945
-0.089437,0.047247,0.294215
