-0.166827,0.023776,0.124997
-0.151423,0.039119,0.132107
-0.153765,0.038629,0.124802
-0.154261,0.039073,0.117429
-0.156598,0.038987,0.102685
-0.133119,0.046955,0.113291
-0.121551,0.058386,0.125803
-0.126291,0.060357,0.122713
-0.125894,0.056153,0.131612
-0.119734,0.057523,0.141100
-0.119855,0.057886,0.150096
-0.117971,0.063908,0.145927
-0.119162,0.057749,0.155219
-0.167285,0.020963,0.125193
-0.167038,0.020859,0.111454
-0.166992,0.021046,0.101690
-0.166052,0.022277,0.089018
-0.166003,0.020877,0.077839
-0.164388,0.016415,0.059988
