-0.167334,0.020883,0.125468
-0.154428,0.042443,0.141218
-0.157086,0.045289,0.135663
-0.156965,0.048133,0.127574
-0.157257,0.048302,0.117051
-0.155283,0.049005,0.109287
-0.127741,0.062163,0.137960
-0.130222,0.061717,0.138417
-0.123680,0.058561,0.160594
-0.127242,0.061490,0.161658
-0.118424,0.056916,0.199810
-0.120574,0.055796,0.199826
-0.121978,0.053738,0.205413
-0.120565,0.053533,0.211273
-0.119518,0.053599,0.213852
-0.118625,0.052891,0.218386
-0.104709,0.059313,0.252478
-0.101641,0.052951,0.260131
-0.103253,0.054200,0.255307
-0.104571,0.054679,0.251951
-0.105867,0.056269,0.242760
-0.105586,0.056720,0.237903
-0.101685,0.052755,0.245695
-0.103323,0.065879,0.239530
-0.097449,0.065338,0.247162
-0.098180,0.068023,0.244888
-0.104299,0.060331,0.252816
-0.167237,0.020670,0.124834
-0.158323,0.049519,0.168053
-0.160271,0.051726,0.163601
-0.153828,0.060393,0.195365
-0.154931,0.062821,0.191344
-0.153939,0.064549,0.190052
-0.153120,0.066222,0.190211
-0.152798,0.067692,0.191111
-0.136740,0.073247,0.218896
-0.167001,0.021338,0.124698
-0.167036,0.020027,0.110130
-0.166151,0.019549,0.096904
-0.165750,0.017859,0.085421
-0.164882,0.017851,0.074049
-0.164635,0.016313,0.062835
