-0.167181,0.020792,0.124927
-0.155211,0.029126,0.133254
-0.157461,0.029283,0.126925
-0.157723,0.030239,0.119828
-0.158794,0.030461,0.113804
-0.160443,0.028432,0.102128
-0.157396,0.022720,0.110851
-0.156151,0.026099,0.129049
-0.151126,0.033474,0.149449
-0.145640,0.041844,0.165107
-0.144643,0.046654,0.156616
-0.123804,0.057575,0.191368
-0.123385,0.060371,0.187320
-0.121117,0.062588,0.184499
-0.117710,0.065689,0.182025
-0.110061,0.060052,0.208360
-0.109537,0.064716,0.205882
-0.108911,0.077899,0.199657
-0.103778,0.056252,0.232592
-0.103855,0.067746,0.228984
-0.101514,0.068301,0.228497
-0.102963,0.060674,0.253864
-0.101971,0.062051,0.251885
-0.102441,0.062346,0.260940
-0.101194,0.052238,0.270833
-0.101750,0.055501,0.266872
-0.102991,0.057652,0.261630
-0.167312,0.020995,0.125464
-0.155337,0.037210,0.151605
-0.157125,0.038220,0.145926
-0.157808,0.040062,0.135709
-0.158971,0.040939,0.128281
-0.158694,0.040843,0.123285
-0.152108,0.041701,0.142856
-0.152611,0.046974,0.144592
-0.149654,0.049600,0.141222
