-0.160571,0.023011,0.130308
-0.154591,0.039061,0.157119
-0.156400,0.042601,0.144097
-0.155500,0.047347,0.136615
-0.153562,0.047934,0.132090
-0.152964,0.048402,0.128875
-0.153180,0.048978,0.126978
-0.150976,0.054924,0.123738
-0.123751,0.058135,0.134300
-0.123208,0.058546,0.149405
-0.124960,0.060246,0.149521
-0.123544,0.062256,0.148476
-0.121253,0.058402,0.165035
-0.121433,0.058174,0.181927
-0.121392,0.058626,0.181054
-0.113464,0.055016,0.219217
-0.101941,0.053624,0.240470
-0.107579,0.053249,0.236960
-0.101464,0.051346,0.246828
-0.099066,0.046119,0.259802
-0.101051,0.049091,0.255119
-0.098902,0.046231,0.265399
-0.098081,0.046161,0.267890
-0.098993,0.045126,0.274621
-0.099221,0.045490,0.271729
-0.098619,0.057009,0.275397
