-0.167136,0.021166,0.124674
-0.152811,0.037636,0.149127
-0.154674,0.039430,0.142242
-0.155908,0.041156,0.134841
-0.156057,0.042261,0.122024
-0.156191,0.041869,0.117585
-0.135724,0.053104,0.128728
-0.131582,0.060061,0.129177
-0.119622,0.059255,0.145806
-0.125631,0.060526,0.141993
-0.122875,0.057931,0.157069
-0.122125,0.057737,0.178121
-0.122356,0.058337,0.177780
-0.120095,0.063110,0.188138
-0.119568,0.063229,0.192242
-0.122191,0.062097,0.193177
-0.123499,0.070503,0.190010
-0.109509,0.053949,0.228647
-0.112793,0.053168,0.227970
-0.113107,0.053312,0.228891
-0.099275,0.046917,0.257922
-0.098927,0.044203,0.267257
-0.099717,0.045388,0.268677
-0.101458,0.044062,0.273277
-0.101308,0.043598,0.275148
-0.101144,0.042758,0.278582
-0.100417,0.047547,0.272314
-0.100205,0.045997,0.276253
-0.098125,0.044040,0.283316
