-0.167289,0.020995,0.125180
-0.158491,0.029402,0.123914
-0.158263,0.025750,0.131621
-0.157631,0.036174,0.120277
-0.138847,0.036276,0.131533
-0.139058,0.041310,0.132281
-0.121500,0.058256,0.142244
-0.123956,0.059867,0.138485
-0.120492,0.063903,0.146853
-0.121075,0.058528,0.166447
-0.122047,0.059410,0.165071
-0.121944,0.060003,0.164447
-0.123546,0.055928,0.193047
-0.111804,0.054715,0.221635
-0.101430,0.053717,0.240713
-0.099451,0.045495,0.260218
-0.099331,0.045446,0.264549
-0.099395,0.046405,0.279200
-0.098917,0.048045,0.279064
-0.098465,0.044887,0.273383
-0.096687,0.044486,0.280087
