-0.167344,0.021030,0.125094
-0.149505,0.043809,0.156511
-0.152758,0.046029,0.141438
-0.154401,0.046131,0.134811
-0.152910,0.038155,0.146746
-0.154775,0.040193,0.142389
-0.149698,0.038979,0.159363
-0.143153,0.043987,0.172472
-0.135690,0.050711,0.185408
-0.135912,0.052890,0.183119
-0.123223,0.056429,0.197040
-0.118913,0.064602,0.192367
-0.114467,0.069641,0.188766
-0.110427,0.082273,0.183957
-0.110765,0.055927,0.221006
-0.101411,0.054002,0.240380
-0.101200,0.051704,0.246511
-0.098815,0.047933,0.256564
-0.103955,0.058548,0.255073
-0.103714,0.057299,0.255733
-0.098380,0.044975,0.265267
-0.097175,0.046342,0.269310
-0.095870,0.058889,0.270498
-0.098352,0.048847,0.286390
-0.167004,0.023338,0.125771
-0.167969,0.022843,0.113204
-0.166520,0.023626,0.101183
-0.166629,0.021921,0.090036
-0.165695,0.021922,0.080501
-0.164999,0.019650,0.064148
-0.164799,0.016824,0.056673
-0.166186,0.018594,0.095831
