-0.167295,0.020776,0.124644
-0.166367,0.020470,0.109850
-0.165763,0.018173,0.096470
-0.154234,0.014595,0.108114
-0.156324,0.013216,0.102664
-0.166119,0.017499,0.146303
-0.167180,0.020856,0.125208
-0.167318,0.020770,0.125422
-0.166996,0.021649,0.112695
-0.166091,0.023515,0.101147
-0.165538,0.023034,0.088247
-0.165124,0.022400,0.078027
-0.157099,0.026363,0.098833
-0.127867,0.051800,0.129825
-0.129231,0.057988,0.125181
-0.117940,0.059884,0.147941
-0.121548,0.058252,0.155512
-0.120372,0.058435,0.158339
-0.121475,0.057613,0.178269
-0.118383,0.055898,0.205125
-0.121686,0.055613,0.204957
-0.120194,0.052400,0.208047
-0.121011,0.053109,0.208123
-0.116320,0.055038,0.211240
-0.118986,0.064460,0.200815
-0.119502,0.057197,0.200211
-0.118953,0.059485,0.199438
